TREE 0.211200 0.153600 0.007600 0.008000
TREE 0.154400 0.185600 0.008400 0.014800
NOT_TREE 0.336800 0.142800 0.012800 0.016800
NOT_TREE 0.342800 0.108800 0.033200 0.028000
NOT_TREE 0.380000 0.134800 0.022000 0.036400
NOT_TREE 0.106400 0.049200 0.006800 0.023600
NOT_TREE 0.123200 0.062800 0.025200 0.037600
NOT_TREE 0.090400 0.104000 0.058800 0.026400
NOT_TREE 0.004800 0.152000 0.026000 0.054000
NOT_TREE 0.003200 0.003600 0.078000 0.032000
NOT_TREE 0.193600 0.031600 0.039600 0.050400
NOT_TREE 0.237200 0.061600 0.038800 0.043600
NOT_TREE 0.241200 0.030800 0.043600 0.028000
NOT_TREE 0.001200 0.057600 0.056800 0.038400
NOT_TREE 0.000800 0.038400 0.070400 0.015200
NOT_TREE 0.090000 0.039200 0.014800 0.048800
NOT_TREE 0.076400 0.076800 0.012000 0.042000
NOT_TREE 0.001600 0.100400 0.050800 0.041600
TREE 0.065200 0.091200 0.003600 0.011200
TREE 0.038000 0.180400 0.006000 0.013600
TREE 0.073200 0.189200 0.005200 0.005200
TREE 0.079600 0.163200 0.004000 0.013600
NOT_TREE 0.061200 0.132000 0.004800 0.050000
NOT_TREE 0.050800 0.180800 0.008400 0.018000
NOT_TREE 0.006000 0.220400 0.024400 0.018000
TREE 0.008000 0.211600 0.014400 0.002800
TREE 0.025600 0.212000 0.006400 0.004000
TREE 0.041200 0.202800 0.004000 0.023600
TREE 0.037600 0.245200 0.008000 0.004400
TREE 0.039600 0.255200 0.010400 0.012800
TREE 0.033600 0.272800 0.004800 0.028800
TREE 0.042400 0.277200 0.006800 0.022000
TREE 0.041200 0.305600 0.006400 0.029600
TREE 0.031200 0.328800 0.004400 0.026000
TREE 0.038000 0.344000 0.008000 0.009200
TREE 0.048000 0.343600 0.004000 0.017200
NOT_TREE 0.030400 0.311600 0.008400 0.012000
NOT_TREE 0.026000 0.363200 0.010800 0.014400
TREE 0.045200 0.365200 0.007200 0.006000
TREE 0.045600 0.378000 0.006800 0.006000
TREE 0.035600 0.380000 0.005600 0.010000
TREE 0.035600 0.396000 0.005600 0.012800
TREE 0.025600 0.410400 0.014000 0.014400
TREE 0.044000 0.408400 0.005200 0.015600
TREE 0.045600 0.390400 0.005200 0.010800
TREE 0.055200 0.391200 0.004800 0.028000
TREE 0.026000 0.429600 0.013600 0.010000
NOT_TREE 0.000000 0.316000 0.016800 0.195200
NOT_TREE 0.008000 0.298000 0.012400 0.143600
NOT_TREE 0.000800 0.232800 0.024400 0.126400
NOT_TREE 0.018800 0.236800 0.016000 0.032800
NOT_TREE 0.054400 0.262400 0.022400 0.014400
TREE 0.052800 0.278800 0.003600 0.022000
TREE 0.050000 0.302800 0.006000 0.007600
TREE 0.048800 0.324000 0.004400 0.014800
TREE 0.061200 0.282800 0.004400 0.011200
TREE 0.062000 0.297200 0.003600 0.009600
TREE 0.060000 0.316000 0.004400 0.044400
TREE 0.056400 0.363200 0.005600 0.008400
TREE 0.037600 0.168800 0.006400 0.008400
TREE 0.040000 0.158400 0.004000 0.007600
TREE 0.041200 0.146000 0.002800 0.009200
TREE 0.045600 0.172800 0.003200 0.010000
TREE 0.067200 0.187200 0.003600 0.009600
TREE 0.056000 0.200000 0.004000 0.005200
TREE 0.069200 0.206400 0.006000 0.006400
TREE 0.078800 0.223600 0.008000 0.008400
TREE 0.076800 0.230800 0.007600 0.004400
TREE 0.049600 0.232000 0.003600 0.006000
TREE 0.043200 0.230000 0.004400 0.012400
TREE 0.050400 0.242400 0.004400 0.010400
NOT_TREE 0.066000 0.222400 0.004800 0.032000
NOT_TREE 0.053200 0.215200 0.016000 0.004400
NOT_TREE 0.062800 0.108000 0.012000 0.020000
NOT_TREE 0.119200 0.051200 0.032000 0.023200
NOT_TREE 0.169600 0.063600 0.141200 0.071600
NOT_TREE 0.088800 0.143600 0.058000 0.030800
NOT_TREE 0.170800 0.138400 0.056000 0.012400
TREE 0.183600 0.153600 0.012400 0.011200
TREE 0.092000 0.176400 0.031200 0.006000
TREE 0.131600 0.177200 0.024400 0.006400
TREE 0.164400 0.181600 0.006800 0.010400
TREE 0.097600 0.197200 0.012400 0.007600
NOT_TREE 0.084000 0.186400 0.011200 0.020800
NOT_TREE 0.097600 0.186400 0.025200 0.008800
NOT_TREE 0.130400 0.194400 0.015200 0.014000
TREE 0.122000 0.202800 0.004000 0.004000
TREE 0.116800 0.202800 0.002000 0.003200
TREE 0.117200 0.209200 0.003600 0.004000
NOT_TREE 0.083200 0.210000 0.029200 0.010400
TREE 0.154800 0.204400 0.006800 0.015200
TREE 0.114000 0.223600 0.040400 0.005200
TREE 0.090000 0.225200 0.007200 0.005200
NOT_TREE 0.087200 0.234400 0.024800 0.011600
TREE 0.090400 0.262400 0.006800 0.006000
NOT_TREE 0.082400 0.246800 0.011600 0.011600
TREE 0.075200 0.253600 0.004800 0.006000
TREE 0.074400 0.244400 0.006000 0.005200
TREE 0.080000 0.238400 0.004400 0.005200
TREE 0.111200 0.263200 0.010800 0.002800
TREE 0.109200 0.268800 0.042800 0.006000
NOT_TREE 0.135200 0.231200 0.019600 0.011600
NOT_TREE 0.145600 0.245200 0.007200 0.018000
NOT_TREE 0.115600 0.250400 0.017600 0.008800
NOT_TREE 0.167600 0.246000 0.022000 0.014800
TREE 0.170000 0.222800 0.012000 0.006400
TREE 0.205200 0.219600 0.032000 0.008800
TREE 0.197200 0.199600 0.017600 0.006000
TREE 0.224800 0.200000 0.012000 0.008800
NOT_TREE 0.176800 0.184400 0.046800 0.010400
NOT_TREE 0.170400 0.197600 0.019200 0.019600
NOT_TREE 0.185200 0.208800 0.014000 0.015200
NOT_TREE 0.152400 0.150400 0.022400 0.020400
TREE 0.154000 0.114800 0.006000 0.012000
TREE 0.162800 0.065600 0.001600 0.030800
TREE 0.155600 0.054800 0.004400 0.035200
TREE 0.122000 0.010800 0.004000 0.014800
NOT_TREE 0.101600 0.004400 0.011200 0.030800
NOT_TREE 0.130400 0.015200 0.008800 0.020800
NOT_TREE 0.118800 0.033200 0.020800 0.011200
NOT_TREE 0.141600 0.019200 0.011600 0.025600
NOT_TREE 0.187600 -0.002400 0.085600 0.031200
TREE 0.285200 0.004400 0.008400 0.006000
NOT_TREE 0.293200 0.034400 0.024800 0.021200
NOT_TREE 0.312400 0.014400 0.022400 0.014800
NOT_TREE 0.174000 0.039200 0.013600 0.017600
TREE 0.020800 0.450400 0.004400 0.018000
TREE 0.020800 0.472000 0.003200 0.018400
TREE 0.036000 0.443200 0.008800 0.008800
TREE 0.028400 0.454400 0.015600 0.010400
TREE 0.030800 0.468400 0.008000 0.011200
TREE 0.040400 0.470000 0.006000 0.015600
TREE 0.051600 0.452800 0.004800 0.031200
TREE 0.051600 0.496800 0.003200 0.016000
TREE 0.040400 0.495200 0.004400 0.014400
TREE 0.034000 0.482000 0.003200 0.014800
TREE 0.030400 0.512400 0.005600 0.006800
NOT_TREE 0.020000 0.496000 0.008000 0.015200
NOT_TREE 0.016800 0.513200 0.011200 0.016400
TREE 0.051200 0.517200 0.004800 0.013600
TREE 0.040400 0.515200 0.004000 0.017600
TREE 0.047600 0.552400 0.004400 0.029600
TREE 0.038000 0.550000 0.005600 0.010800
TREE 0.034400 0.568400 0.006400 0.025200
TREE 0.034800 0.602000 0.004400 0.013600
TREE 0.032800 0.621200 0.004800 0.011200
TREE 0.021200 0.621200 0.006800 0.007600
TREE 0.026400 0.594800 0.005600 0.013200
TREE 0.022400 0.582000 0.008800 0.008000
TREE 0.028800 0.548000 0.007600 0.006800
NOT_TREE -0.000800 0.558800 0.029600 0.020400
NOT_TREE 0.000800 0.531200 0.019600 0.022400
NOT_TREE 0.000000 0.584000 0.018800 0.009200
NOT_TREE 0.002800 0.597200 0.009600 0.046800
TREE 0.020000 0.662800 0.006800 0.011200
TREE 0.015200 0.650800 0.004000 0.004000
TREE 0.014800 0.647200 0.004400 0.004400
TREE 0.018000 0.639200 0.002800 0.008000
TREE 0.044000 0.624400 0.003200 0.011600
TREE 0.044400 0.603600 0.003600 0.018800
TREE 0.045600 0.587600 0.005600 0.009600
TREE 0.069200 0.618800 0.007600 0.016000
TREE 0.070800 0.648800 0.010800 0.006000
TREE 0.086000 0.644000 0.014000 0.007200
TREE 0.102800 0.640000 0.014000 0.006400
TREE 0.098800 0.632800 0.006000 0.005200
TREE 0.121600 0.627200 0.008400 0.003200
TREE 0.094400 0.606800 0.008000 0.007600
NOT_TREE 0.068400 0.537200 0.058000 0.048800
NOT_TREE 0.108400 0.582800 0.034000 0.040400
TREE 0.178400 0.539600 0.006400 0.008000
TREE 0.134400 0.549600 0.009600 0.006400
NOT_TREE 0.129200 0.561600 0.009600 0.009600
NOT_TREE 0.150800 0.580400 0.028800 0.030800
NOT_TREE 0.150000 0.640000 0.032000 0.049600
TREE 0.121200 0.636800 0.014000 0.008800
TREE 0.021200 0.682400 0.005600 0.005200
TREE 0.016800 0.691600 0.007600 0.007600
TREE 0.016800 0.709200 0.008800 0.014400
TREE 0.028400 0.701200 0.002000 0.020400
TREE 0.028400 0.660800 0.002000 0.037600
TREE 0.039200 0.682000 0.002800 0.036000
TREE 0.041600 0.662000 0.003600 0.015600
TREE 0.007600 0.737600 0.004400 0.013600
TREE 0.006000 0.754400 0.004800 0.018400
TREE 0.010000 0.786400 0.004400 0.004400
TREE 0.006000 0.792800 0.004400 0.021200
TREE 0.017200 0.788000 0.003600 0.022400
TREE 0.011200 0.812000 0.007200 0.005200
TREE 0.018400 0.779600 0.004400 0.004000
TREE 0.026000 0.742400 0.001600 0.038400
TREE 0.070000 0.759200 0.029200 0.010800
TREE 0.052000 0.738800 0.007200 0.011200
TREE 0.076400 0.729200 0.022400 0.009600
TREE 0.075200 0.704000 0.026400 0.014800
NOT_TREE 0.136800 0.710800 0.036000 0.026400
TREE 0.107600 0.704000 0.020000 0.004400
TREE 0.104400 0.709600 0.004800 0.008800
TREE 0.123600 0.710400 0.003200 0.016800
NOT_TREE 0.112400 0.710000 0.007600 0.019200
TREE 0.107600 0.733200 0.010800 0.008000
NOT_TREE 0.068400 0.746000 0.044400 0.010400
NOT_TREE 0.102000 0.759200 0.012000 0.026800
NOT_TREE 0.059200 0.773600 0.040800 0.010400
NOT_TREE 0.053600 0.795600 0.055600 0.021600
NOT_TREE 0.068800 0.820000 0.036400 0.018800
NOT_TREE 0.051200 0.826000 0.016400 0.015200
TREE 0.055200 0.818400 0.010400 0.004000
TREE 0.045600 0.816800 0.006000 0.006000
NOT_TREE 0.120000 0.800000 0.033600 0.048400
NOT_TREE 0.108800 0.855600 0.034800 0.112400
NOT_TREE 0.048400 0.850400 0.090000 0.148800
TREE 0.029600 0.852800 0.005600 0.006800
TREE 0.026400 0.866000 0.006000 0.018400
TREE 0.042000 0.860000 0.004400 0.004000
TREE 0.037600 0.906000 0.005200 0.010400
TREE 0.014800 0.902800 0.003200 0.023200
TREE 0.001200 0.930400 0.003600 0.020400
TREE 0.007200 0.854400 0.004000 0.008800
TREE 0.019200 0.855200 0.002400 0.013200
TREE 0.003600 0.959600 0.007600 0.006800
TREE 0.158800 0.903200 0.016400 0.004800
TREE 0.183200 0.905200 0.028000 0.008800
TREE 0.236800 0.875600 0.007200 0.012400
TREE 0.234400 0.899200 0.006400 0.009600
TREE 0.165600 0.848000 0.021200 0.008000
NOT_TREE 0.167600 0.814000 0.063200 0.031200
TREE 0.272400 0.818800 0.014000 0.009200
NOT_TREE 0.256400 0.825200 0.013200 0.027600
NOT_TREE 0.272000 0.838000 0.006400 0.018000
TREE 0.283600 0.842800 0.008400 0.013200
TREE 0.275200 0.861600 0.010000 0.006400
TREE 0.248800 0.855600 0.014400 0.008800
TREE 0.247200 0.826000 0.002400 0.021200
TREE 0.249200 0.812400 0.014000 0.005600
TREE 0.247200 0.781200 0.004400 0.021200
TREE 0.270800 0.786400 0.006800 0.006000
TREE 0.280800 0.782800 0.013200 0.011600
TREE 0.294800 0.789200 0.015600 0.006800
TREE 0.312800 0.784000 0.020800 0.010000
TREE 0.324800 0.792800 0.007600 0.008800
TREE 0.290400 0.815600 0.020400 0.006000
TREE 0.343600 0.809600 0.006400 0.006000
TREE 0.350400 0.815600 0.004400 0.005200
TREE 0.276400 0.809600 0.007200 0.005600
TREE 0.315200 0.825600 0.004000 0.004000
TREE 0.317600 0.820000 0.004000 0.004000
TREE 0.284000 0.831200 0.008800 0.009600
TREE 0.290400 0.862800 0.019600 0.004800
TREE 0.200800 0.961200 0.010800 0.004000
TREE 0.216800 0.981600 0.005600 0.012800
NOT_TREE 0.166400 0.976400 0.041600 0.019200
NOT_TREE 0.138400 0.935200 0.023600 0.060800
NOT_TREE 0.145200 0.915600 0.029600 0.044400
NOT_TREE 0.178800 0.922400 0.015600 0.040000
NOT_TREE 0.240000 0.928400 0.074800 0.046400
NOT_TREE 0.248000 0.879600 0.074000 0.032400
NOT_TREE 0.227200 0.914000 0.010800 0.014000
TREE 0.227600 0.883200 0.003200 0.004000
TREE 0.182800 0.860800 0.010000 0.004800
TREE 0.011600 0.971200 0.004400 0.019200
TREE 0.015200 0.930000 0.002400 0.034400
TREE 0.001600 0.990800 0.006000 0.006000
TREE 0.020800 0.842000 0.003200 0.006400
TREE 0.117200 0.752000 0.003200 0.022800
TREE 0.165600 0.773600 0.004400 0.012800
NOT_TREE 0.128800 0.754000 0.030400 0.028800
TREE 0.132000 0.745200 0.006800 0.003600
TREE 0.137200 0.738400 0.006000 0.003600
TREE 0.071200 0.685600 0.009200 0.005600
TREE 0.085600 0.682400 0.008800 0.010800
TREE 0.100000 0.681600 0.014400 0.010400
TREE 0.117200 0.655200 0.005600 0.003600
TREE 0.117600 0.666800 0.004000 0.005200
TREE 0.115200 0.676800 0.004400 0.003200
NOT_TREE 0.057200 0.660000 0.052400 0.015200
NOT_TREE 0.031200 0.640400 0.028000 0.014400
NOT_TREE 0.064400 0.640400 0.016800 0.005200
NOT_TREE 0.137600 0.627600 0.010400 0.012800
NOT_TREE 0.132400 0.658000 0.013600 0.029600
NOT_TREE 0.186000 0.633600 0.007600 0.056800
TREE 0.153600 0.633600 0.006800 0.004400
TREE 0.151200 0.618400 0.009200 0.006400
TREE 0.183200 0.611600 0.012000 0.006000
TREE 0.193200 0.710400 0.010400 0.007600
TREE 0.204800 0.707600 0.008800 0.007200
TREE 0.188000 0.711600 0.002800 0.002800
TREE 0.178000 0.705600 0.003200 0.014400
NOT_TREE 0.188400 0.724800 0.034000 0.019600
NOT_TREE 0.198000 0.927600 0.022000 0.024800
NOT_TREE 0.234800 0.981600 0.078400 0.015600
NOT_TREE 0.309200 0.936000 0.044800 0.042800
NOT_TREE 0.303200 0.891600 0.038000 0.042800
NOT_TREE 0.323600 0.860800 0.022400 0.023600
NOT_TREE 0.299600 0.832400 0.054400 0.025600
TREE 0.240000 0.764400 0.006800 0.005200
TREE 0.239200 0.777600 0.003600 0.007200
TREE 0.238000 0.788000 0.003200 0.005600
TREE 0.236400 0.796000 0.004400 0.003600
TREE 0.251600 0.766800 0.003200 0.006000
TREE 0.250000 0.776000 0.005200 0.002800
TREE 0.256800 0.756800 0.006800 0.006800
TREE 0.264800 0.758800 0.008000 0.006800
TREE 0.273200 0.754800 0.010000 0.011200
TREE 0.286400 0.755200 0.011200 0.011200
TREE 0.302000 0.756800 0.012000 0.012400
TREE 0.241200 0.738400 0.006800 0.009200
TREE 0.244000 0.732400 0.006400 0.006400
TREE 0.252000 0.738400 0.005600 0.008000
NOT_TREE 0.178800 0.758400 0.053200 0.047600
TREE 0.221200 0.694000 0.014000 0.011600
TREE 0.234000 0.694800 0.009200 0.009600
TREE 0.224000 0.674400 0.014400 0.010400
TREE 0.221600 0.666000 0.010000 0.006000
TREE 0.216800 0.635200 0.009200 0.010400
TREE 0.221600 0.628000 0.015200 0.014400
TREE 0.240800 0.639600 0.013200 0.007200
TREE 0.246000 0.656800 0.008400 0.007200
TREE 0.251600 0.650400 0.005200 0.004400
TREE 0.230800 0.608000 0.016400 0.009600
TREE 0.249200 0.606400 0.010400 0.012000
TREE 0.254800 0.620800 0.006800 0.016000
TREE 0.264400 0.607600 0.008800 0.017200
TREE 0.201600 0.572000 0.006400 0.014400
TREE 0.191200 0.550400 0.006000 0.006800
TREE 0.185200 0.530000 0.008400 0.005600
TREE 0.140800 0.510800 0.006400 0.008400
TREE 0.132400 0.520400 0.007200 0.009600
TREE 0.112400 0.492800 0.005200 0.004800
TREE 0.128400 0.494400 0.006400 0.005200
TREE 0.150400 0.474800 0.011200 0.008800
TREE 0.156000 0.496800 0.014400 0.012400
TREE 0.156000 0.464800 0.007600 0.006000
TREE 0.133200 0.470800 0.011200 0.007200
TREE 0.120000 0.474400 0.010400 0.004800
TREE 0.068000 0.483200 0.006800 0.004000
TREE 0.092800 0.452400 0.004400 0.008000
NOT_TREE 0.073200 0.444800 0.012800 0.028000
NOT_TREE 0.091600 0.436400 0.030000 0.010000
TREE 0.089200 0.426400 0.009600 0.006000
TREE 0.120800 0.397200 0.014800 0.008000
TREE 0.090000 0.364800 0.014400 0.014000
TREE 0.095600 0.382400 0.010000 0.003200
TREE 0.108000 0.377200 0.013200 0.007600
TREE 0.099200 0.349200 0.008000 0.012800
TREE 0.087600 0.346400 0.005600 0.007200
TREE 0.144400 0.278400 0.002800 0.012000
TREE 0.151200 0.280800 0.002800 0.009600
NOT_TREE 0.078400 0.316800 0.073600 0.024800
NOT_TREE 0.083200 0.296000 0.070000 0.014000
NOT_TREE 0.082000 0.276800 0.020800 0.015600
NOT_TREE 0.068800 0.350000 0.006000 0.008400
NOT_TREE 0.064800 0.367200 0.014800 0.017600
TREE 0.083200 0.378000 0.004400 0.006000
TREE 0.071200 0.361600 0.005200 0.002800
TREE 0.073200 0.324800 0.003600 0.005200
TREE 0.073200 0.301600 0.004400 0.007600
TREE 0.074000 0.280800 0.004400 0.012800
NOT_TREE 0.148000 0.134800 0.019600 0.011200
NOT_TREE 0.094400 0.134400 0.030400 0.008400
TREE 0.265200 0.174800 0.005200 0.007600
TREE 0.242800 0.175600 0.008000 0.006000
TREE 0.225600 0.175600 0.008000 0.002800
TREE 0.179600 0.178800 0.018000 0.003600
TREE 0.252000 0.192400 0.006800 0.013600
TREE 0.242400 0.216800 0.008400 0.007600
TREE 0.199600 0.237200 0.008800 0.010400
TREE 0.215200 0.242800 0.012000 0.013600
TREE 0.227600 0.239600 0.010800 0.014400
NOT_TREE 0.175600 0.232800 0.013200 0.009200
TREE 0.192000 0.264000 0.006000 0.002800
TREE 0.188800 0.268000 0.004400 0.004800
TREE 0.201600 0.268400 0.012800 0.004000
TREE 0.217200 0.263200 0.008000 0.006800
TREE 0.233600 0.269200 0.010400 0.003600
TREE 0.230400 0.262400 0.012000 0.003600
TREE 0.279200 0.248000 0.008000 0.007200
TREE 0.194400 0.286400 0.022800 0.012000
TREE 0.169600 0.308400 0.012800 0.004800
TREE 0.159600 0.318800 0.006800 0.009600
TREE 0.158000 0.334000 0.007600 0.015600
TREE 0.173600 0.322000 0.005200 0.004800
TREE 0.193600 0.335600 0.005200 0.005200
TREE 0.206800 0.327200 0.004800 0.007200
TREE 0.218800 0.329200 0.010000 0.009600
NOT_TREE 0.188400 0.319200 0.039200 0.006400
NOT_TREE 0.234000 0.317200 0.013200 0.014800
NOT_TREE 0.235200 0.334800 0.008800 0.013600
NOT_TREE 0.178800 0.344000 0.025200 0.009600
TREE 0.194800 0.358000 0.006800 0.006800
TREE 0.181600 0.360400 0.005600 0.004800
TREE 0.165600 0.362400 0.005600 0.005200
TREE 0.165600 0.378400 0.007600 0.006400
TREE 0.214400 0.353600 0.008000 0.005600
TREE 0.210400 0.382000 0.010000 0.007200
TREE 0.185200 0.382800 0.008000 0.008000
TREE 0.149200 0.386000 0.007600 0.009200
TREE 0.126400 0.373200 0.006400 0.008000
TREE 0.152000 0.375600 0.006800 0.008800
NOT_TREE 0.135200 0.352800 0.025200 0.014400
NOT_TREE 0.112000 0.344800 0.020000 0.022000
NOT_TREE 0.136400 0.377600 0.007200 0.006800
NOT_TREE 0.102400 0.390400 0.010000 0.004400
NOT_TREE 0.078000 0.396000 0.010400 0.017200
NOT_TREE 0.096800 0.408000 0.023200 0.010000
NOT_TREE 0.127600 0.427600 0.017600 0.010000
NOT_TREE 0.070800 0.518400 0.022400 0.010000
TREE 0.096400 0.510000 0.006400 0.006000
TREE 0.113600 0.502000 0.007600 0.004000
TREE 0.102000 0.479200 0.007200 0.000400
NOT_TREE 0.075200 0.492000 0.032000 0.010000
NOT_TREE 0.092000 0.466400 0.010000 0.009200
NOT_TREE 0.110400 0.458000 0.014800 0.012800
NOT_TREE 0.111600 0.511200 0.017200 0.012000
NOT_TREE 0.182000 0.422800 0.016400 0.016400
NOT_TREE 0.208000 0.438800 0.018800 0.012400
NOT_TREE 0.185200 0.444000 0.009200 0.013200
TREE 0.200400 0.458800 0.006800 0.005600
TREE 0.215200 0.456400 0.004400 0.008400
TREE 0.222000 0.458400 0.006000 0.007600
TREE 0.224800 0.470800 0.007600 0.010000
TREE 0.192800 0.492800 0.005200 0.010400
TREE 0.168800 0.478000 0.007600 0.008800
TREE 0.150000 0.454400 0.008000 0.008800
TREE 0.146800 0.426400 0.006800 0.007600
TREE 0.155600 0.436000 0.002400 0.009600
TREE 0.170000 0.434000 0.006400 0.008800
TREE 0.149600 0.405200 0.004000 0.011200
TREE 0.106000 0.423200 0.010800 0.006000
TREE 0.118800 0.419200 0.007200 0.005600
TREE 0.131200 0.418400 0.007600 0.001600
TREE 0.215200 0.404400 0.007200 0.008000
TREE 0.253200 0.416800 0.014800 0.012000
TREE 0.251600 0.431600 0.007200 0.005200
NOT_TREE 0.232800 0.435200 0.015200 0.014000
NOT_TREE 0.232400 0.394000 0.011600 0.017600
NOT_TREE 0.228400 0.362800 0.012000 0.016800
NOT_TREE 0.205200 0.366000 0.020800 0.009600
NOT_TREE 0.181600 0.369600 0.019600 0.008800
NOT_TREE 0.264000 0.324400 0.020000 0.016400
NOT_TREE 0.262800 0.295600 0.014400 0.011600
NOT_TREE 0.279200 0.291200 0.010400 0.017200
TREE 0.273600 0.289600 0.003200 0.004800
NOT_TREE 0.265600 0.273200 0.022800 0.013600
TREE 0.294400 0.275600 0.005200 0.009600
TREE 0.306400 0.276400 0.010000 0.013600
TREE 0.313600 0.268800 0.009600 0.008400
TREE 0.322400 0.268400 0.009200 0.009600
TREE 0.327200 0.263600 0.011600 0.003200
TREE 0.332400 0.272800 0.004000 0.005200
TREE 0.316400 0.280800 0.009200 0.010000
TREE 0.307600 0.292800 0.017200 0.009200
NOT_TREE 0.244000 0.230800 0.031200 0.027200
TREE 0.266800 0.220000 0.010000 0.007200
TREE 0.288400 0.220000 0.009200 0.009600
TREE 0.302000 0.200000 0.005600 0.006000
TREE 0.271200 0.190400 0.007600 0.007600
TREE 0.277200 0.196000 0.006400 0.006400
NOT_TREE 0.266000 0.203200 0.007600 0.013200
NOT_TREE 0.242400 0.207600 0.015200 0.004800
NOT_TREE 0.226800 0.188400 0.013200 0.006800
NOT_TREE 0.243600 0.156000 0.008400 0.017200
NOT_TREE 0.247200 0.140000 0.046400 0.011600
TREE 0.321200 0.137200 0.007200 0.022000
TREE 0.309200 0.140000 0.003600 0.013200
TREE 0.306000 0.156400 0.002800 0.007600
TREE 0.318800 0.164000 0.004800 0.004800
NOT_TREE 0.329600 0.157200 0.012000 0.011200
TREE 0.350000 0.161600 0.007600 0.005200
TREE 0.359200 0.150400 0.004800 0.009200
TREE 0.362800 0.141600 0.005200 0.005600
NOT_TREE 0.341600 0.139600 0.017600 0.006800
NOT_TREE 0.316000 0.115200 0.021600 0.019600
NOT_TREE 0.248000 0.345200 0.006800 0.007200
TREE 0.248400 0.335600 0.002800 0.005200
TREE 0.258800 0.344000 0.003600 0.005200
TREE 0.197200 0.308800 0.013200 0.009600
TREE 0.213600 0.306800 0.007600 0.006400
NOT_TREE 0.168800 0.287200 0.022800 0.017200
TREE 0.164000 0.283600 0.003200 0.004800
NOT_TREE 0.160400 0.262000 0.018000 0.006800
NOT_TREE 0.203200 0.471600 0.013600 0.033600
NOT_TREE 0.179200 0.476000 0.020400 0.011200
TREE 0.187200 0.466400 0.008800 0.004800
TREE 0.174000 0.468800 0.008000 0.004000
TREE 0.173200 0.449600 0.004000 0.005200
TREE 0.192400 0.406400 0.006800 0.003200
TREE 0.234400 0.416400 0.004800 0.004800
NOT_TREE 0.163200 0.403600 0.022400 0.014800
NOT_TREE 0.160800 0.423200 0.012000 0.006000
NOT_TREE 0.162400 0.445600 0.007600 0.011600
NOT_TREE 0.159200 0.512000 0.011200 0.006800
NOT_TREE 0.175600 0.501200 0.009600 0.008000
NOT_TREE 0.154000 0.542400 0.016400 0.025600
NOT_TREE 0.200800 0.529200 0.007200 0.024000
NOT_TREE 0.224400 0.541600 0.016800 0.012400
NOT_TREE 0.224800 0.519200 0.010800 0.009600
TREE 0.243200 0.501600 0.006800 0.008000
TREE 0.234000 0.510400 0.006400 0.005200
TREE 0.226800 0.487200 0.008800 0.011600
TREE 0.243200 0.474800 0.006000 0.005600
TREE 0.273600 0.457600 0.006000 0.010000
TREE 0.271600 0.479200 0.007200 0.012400
TREE 0.278400 0.499600 0.006000 0.036400
TREE 0.288400 0.488800 0.019200 0.008800
TREE 0.337200 0.478800 0.016800 0.005200
TREE 0.310400 0.484800 0.008800 0.007600
TREE 0.306400 0.510000 0.007200 0.010800
TREE 0.286800 0.556800 0.012400 0.018800
TREE 0.240400 0.564000 0.010800 0.009200
TREE 0.262400 0.564400 0.004800 0.026400
NOT_TREE 0.203200 0.595200 0.014000 0.030000
NOT_TREE 0.223200 0.579600 0.010400 0.014400
TREE 0.213600 0.573600 0.004400 0.008800
TREE 0.210800 0.543600 0.003600 0.011200
TREE 0.289200 0.405600 0.005200 0.014800
TREE 0.278400 0.408800 0.006400 0.007600
TREE 0.255200 0.389600 0.014800 0.012800
TREE 0.305600 0.327600 0.008800 0.009600
TREE 0.308400 0.341200 0.014800 0.016000
TREE 0.319200 0.366000 0.008800 0.015200
TREE 0.297600 0.387600 0.012000 0.006800
TREE 0.292400 0.365200 0.006000 0.012400
TREE 0.289200 0.318800 0.008000 0.011600
TREE 0.289200 0.174000 0.012000 0.007200
TREE 0.323200 0.173200 0.009600 0.006400
NOT_TREE 0.287200 0.188400 0.010000 0.027600
NOT_TREE 0.291200 0.236400 0.005600 0.018400
NOT_TREE 0.285200 0.015600 0.018000 0.015200
NOT_TREE 0.321200 0.035200 0.017200 0.042800
NOT_TREE 0.313200 0.083200 0.022000 0.027200
TREE 0.336000 0.086000 0.007600 0.004800
TREE 0.345200 0.092000 0.006800 0.005200
TREE 0.355200 0.096400 0.004800 0.004800
TREE 0.364000 0.100400 0.007200 0.005600
TREE 0.364400 0.069600 0.008000 0.007200
NOT_TREE 0.346400 0.070800 0.015200 0.019200
NOT_TREE 0.345200 0.048000 0.019200 0.016800
NOT_TREE 0.344800 0.004400 0.021600 0.029200
NOT_TREE 0.312800 0.004400 0.024800 0.006400
TREE 0.307200 0.235200 0.005600 0.009600
NOT_TREE 0.301200 0.214000 0.012400 0.013200
TREE 0.335200 0.219200 0.011600 0.007600
TREE 0.353600 0.221600 0.011200 0.004800
TREE 0.364800 0.224000 0.007200 0.012800
TREE 0.355200 0.248400 0.003200 0.004000
NOT_TREE 0.333200 0.282400 0.009600 0.008000
NOT_TREE 0.346400 0.270400 0.005600 0.006800
NOT_TREE 0.357200 0.261200 0.008000 0.006000
NOT_TREE 0.363600 0.247600 0.009200 0.006400
NOT_TREE 0.379200 0.214400 0.010800 0.011200
NOT_TREE 0.366400 0.204000 0.006800 0.012800
TREE 0.366400 0.196000 0.008400 0.004400
NOT_TREE 0.339600 0.183600 0.021200 0.011200
TREE 0.342800 0.199200 0.010000 0.005200
TREE 0.329200 0.194000 0.004000 0.002400
TREE 0.301600 0.349200 0.003600 0.003600
TREE 0.316800 0.402000 0.009600 0.009600
TREE 0.339600 0.413200 0.006800 0.013600
TREE 0.361200 0.396800 0.014800 0.006400
TREE 0.378400 0.398000 0.006400 0.009600
TREE 0.357200 0.402800 0.003200 0.010400
TREE 0.342400 0.378400 0.008000 0.006800
TREE 0.361200 0.347200 0.022800 0.006800
TREE 0.350400 0.456400 0.006400 0.012800
TREE 0.328000 0.460800 0.007600 0.005200
TREE 0.283200 0.453600 0.005200 0.007600
TREE 0.355600 0.488000 0.011200 0.016000
TREE 0.320400 0.559600 0.011200 0.004800
NOT_TREE 0.276400 0.577600 0.024000 0.011600
NOT_TREE 0.271600 0.546800 0.004000 0.006000
TREE 0.264000 0.532800 0.006000 0.008400
TREE 0.237200 0.531600 0.006800 0.006800
TREE 0.261200 0.669600 0.005200 0.007200
TREE 0.246000 0.682000 0.006800 0.010400
TREE 0.267600 0.698800 0.012000 0.003600
TREE 0.281200 0.703600 0.024000 0.008400
TREE 0.294800 0.658400 0.015600 0.014800
TREE 0.279600 0.645200 0.026400 0.008400
TREE 0.352400 0.625200 0.009200 0.010000
TREE 0.335600 0.630000 0.012000 0.010800
TREE 0.358400 0.645200 0.012800 0.011200
TREE 0.374000 0.640000 0.008400 0.011200
TREE 0.342400 0.680400 0.011600 0.007600
TREE 0.357600 0.678400 0.006000 0.002800
TREE 0.368800 0.673600 0.008000 0.004400
TREE 0.327200 0.689200 0.010000 0.008400
TREE 0.327600 0.713600 0.006400 0.008400
TREE 0.336000 0.710000 0.008000 0.006400
TREE 0.340000 0.734400 0.008000 0.007600
TREE 0.373600 0.722400 0.010400 0.010800
TREE 0.371200 0.747600 0.007600 0.010800
TREE 0.358400 0.730400 0.008800 0.014400
TREE 0.320400 0.760800 0.011200 0.010800
TREE 0.286400 0.733200 0.008000 0.009600
TREE 0.296800 0.732800 0.009200 0.006000
TREE 0.313600 0.709200 0.010800 0.017600
NOT_TREE 0.269200 0.691600 0.012800 0.004800
NOT_TREE 0.262400 0.716400 0.025600 0.011600
NOT_TREE 0.264800 0.736000 0.016800 0.014000
NOT_TREE 0.249600 0.696000 0.011600 0.013600
NOT_TREE 0.317200 0.982800 0.014800 0.016400
NOT_TREE 0.335200 0.980400 0.015200 0.016000
TREE 0.359600 0.980400 0.011600 0.006000
TREE 0.365600 0.989200 0.010000 0.005200
TREE 0.361200 0.960800 0.007600 0.010400
TREE 0.370000 0.908800 0.005600 0.004400
TREE 0.362000 0.887600 0.008800 0.012000
NOT_TREE 0.348400 0.900000 0.012000 0.036800
NOT_TREE 0.359200 0.916800 0.008000 0.017600
NOT_TREE 0.351200 0.872400 0.007200 0.022000
NOT_TREE 0.357600 0.860400 0.006800 0.012400
TREE 0.370400 0.848000 0.007600 0.009200
TREE 0.378000 0.787200 0.004800 0.005600
TREE 0.359600 0.776400 0.005200 0.006800
NOT_TREE 0.341200 0.764800 0.014400 0.014800
TREE 0.344800 0.754400 0.012000 0.007200
TREE 0.355600 0.702400 0.009200 0.007200
TREE 0.340400 0.694800 0.008800 0.011600
TREE 0.336000 0.678800 0.004000 0.006000
TREE 0.322800 0.652400 0.006400 0.009200
TREE 0.308800 0.625200 0.010000 0.013600
TREE 0.372000 0.616400 0.008800 0.007600
TREE 0.385600 0.620000 0.006400 0.014400
TREE 0.366400 0.595200 0.006000 0.006000
TREE 0.338000 0.604400 0.010400 0.005200
TREE 0.324800 0.582800 0.016400 0.005600
TREE 0.348800 0.577200 0.008800 0.002000
TREE 0.360800 0.577600 0.018800 0.005600
TREE 0.376400 0.546400 0.007600 0.006800
TREE 0.294800 0.538000 0.014000 0.004800
TREE 0.316800 0.534000 0.008000 0.004800
TREE 0.311600 0.460000 0.004800 0.006800
NOT_TREE 0.303600 0.448000 0.025600 0.005200
NOT_TREE 0.296400 0.472800 0.034000 0.009600
NOT_TREE 0.276000 0.427200 0.010000 0.020000
NOT_TREE 0.298400 0.420000 0.026000 0.012400
NOT_TREE 0.300000 0.398800 0.012000 0.014800
NOT_TREE 0.281200 0.385200 0.011200 0.014400
NOT_TREE 0.275200 0.354400 0.009200 0.010800
TREE 0.262000 0.368000 0.003200 0.010000
TREE 0.243600 0.368400 0.006800 0.007200
NOT_TREE 0.288400 0.340800 0.009600 0.016400
NOT_TREE 0.307200 0.311200 0.006800 0.010000
TREE 0.298000 0.308000 0.005600 0.007600
TREE 0.318400 0.310000 0.002800 0.004400
TREE 0.320400 0.323200 0.006400 0.006400
NOT_TREE 0.330400 0.304400 0.019600 0.017600
NOT_TREE 0.337200 0.296000 0.010000 0.011200
NOT_TREE 0.349600 0.280400 0.017600 0.017200
NOT_TREE 0.362400 0.274800 0.021600 0.020400
NOT_TREE 0.359200 0.303600 0.020000 0.014400
TREE 0.363200 0.324800 0.018800 0.005200
TREE 0.340400 0.330400 0.014800 0.005600
NOT_TREE 0.307200 0.173200 0.008800 0.010800
NOT_TREE 0.300000 0.255600 0.011600 0.016000
TREE 0.267200 0.262000 0.011600 0.008000
TREE 0.227200 0.305200 0.005200 0.009600
TREE 0.220000 0.289200 0.011200 0.005200
NOT_TREE 0.207200 0.276800 0.042400 0.006800
NOT_TREE 0.236000 0.286800 0.012400 0.012000
NOT_TREE 0.271200 0.370400 0.008400 0.012800
NOT_TREE 0.260000 0.434000 0.008800 0.011200
NOT_TREE 0.260800 0.456000 0.008400 0.014800
NOT_TREE 0.257600 0.480800 0.010000 0.015200
NOT_TREE 0.241600 0.456000 0.012800 0.015200
NOT_TREE 0.252800 0.513600 0.010400 0.016800
NOT_TREE 0.252000 0.534800 0.007200 0.012000
TREE 0.246400 0.549200 0.011200 0.006400
NOT_TREE 0.243600 0.579200 0.013200 0.010000
NOT_TREE 0.221200 0.562800 0.012400 0.013200
NOT_TREE 0.209200 0.560800 0.010400 0.007200
NOT_TREE 0.218800 0.508000 0.006400 0.009600
NOT_TREE 0.262000 0.594800 0.009200 0.010000
NOT_TREE 0.260000 0.641600 0.005200 0.006800
NOT_TREE 0.198400 0.670800 0.011600 0.018800
NOT_TREE 0.201200 0.631600 0.009200 0.036800
NOT_TREE 0.178800 0.693200 0.027200 0.006400
NOT_TREE 0.217200 0.710000 0.023200 0.012400
NOT_TREE 0.229600 0.726000 0.010800 0.006400
NOT_TREE 0.242800 0.751600 0.010000 0.007600
NOT_TREE 0.237200 0.806800 0.008000 0.011600
NOT_TREE 0.158000 0.871200 0.065600 0.026800
NOT_TREE 0.307600 0.499600 0.012400 0.006400
NOT_TREE 0.288400 0.504400 0.013200 0.027200
NOT_TREE 0.311600 0.523600 0.019200 0.006000
NOT_TREE 0.324800 0.504000 0.011600 0.014000
NOT_TREE 0.347600 0.506400 0.011200 0.020000
NOT_TREE 0.337600 0.441600 0.006000 0.018400
NOT_TREE 0.334800 0.538800 0.028800 0.018400
NOT_TREE 0.344800 0.560000 0.026000 0.013200
NOT_TREE 0.310800 0.570000 0.029600 0.007200
NOT_TREE 0.307600 0.544800 0.016000 0.010400
NOT_TREE 0.310800 0.596800 0.022400 0.012000
NOT_TREE 0.278800 0.624400 0.025200 0.016800
NOT_TREE 0.280000 0.603600 0.017200 0.016400
NOT_TREE 0.342000 0.589600 0.015600 0.010000
NOT_TREE 0.351200 0.606000 0.018400 0.014000
NOT_TREE 0.324400 0.616400 0.014800 0.002400
NOT_TREE 0.314000 0.614400 0.010400 0.005200
NOT_TREE 0.333200 0.618800 0.012800 0.006800
TREE 0.320800 0.621600 0.007600 0.004800
TREE 0.326000 0.638800 0.006400 0.005200
NOT_TREE 0.334000 0.644000 0.015600 0.014400
NOT_TREE 0.318000 0.667600 0.010800 0.009200
NOT_TREE 0.312400 0.676800 0.005200 0.006400
TREE 0.305200 0.681200 0.006400 0.007600
NOT_TREE 0.297600 0.682400 0.004800 0.019200
NOT_TREE 0.288000 0.692400 0.007600 0.006800
TREE 0.281600 0.680800 0.009600 0.005200
TREE 0.288400 0.666000 0.004000 0.006400
NOT_TREE 0.272000 0.657600 0.007200 0.008400
NOT_TREE 0.311600 0.690400 0.010400 0.011200
NOT_TREE 0.320800 0.728800 0.014800 0.014400
NOT_TREE 0.297200 0.744000 0.037200 0.010800
NOT_TREE 0.274000 0.768000 0.023600 0.009200
NOT_TREE 0.301600 0.771600 0.012800 0.007600
NOT_TREE 0.317600 0.774000 0.016000 0.006800
NOT_TREE 0.344000 0.789200 0.011200 0.013600
NOT_TREE 0.362000 0.793200 0.012400 0.008000
NOT_TREE 0.369600 0.762800 0.017200 0.019200
NOT_TREE 0.332000 0.821200 0.014400 0.009200
NOT_TREE 0.275200 0.798400 0.041600 0.007600
NOT_TREE 0.359200 0.807200 0.006800 0.007200
NOT_TREE 0.236000 0.862000 0.008400 0.006400
NOT_TREE 0.357200 0.942000 0.034800 0.016400
NOT_TREE 0.373600 0.964000 0.017200 0.017200
TREE 0.384400 0.983600 0.003600 0.006400
TREE 0.391600 0.989200 0.006000 0.006800
NOT_TREE 0.380800 0.896400 0.015600 0.034000
TREE 0.388000 0.885200 0.005200 0.003200
TREE 0.373200 0.889200 0.006800 0.004800
TREE 0.391200 0.858400 0.004800 0.004400
TREE 0.372800 0.815600 0.006000 0.004000
NOT_TREE 0.382800 0.808800 0.011200 0.019200
NOT_TREE 0.367600 0.830000 0.010400 0.010800
NOT_TREE 0.392000 0.780800 0.005600 0.015600
NOT_TREE 0.387200 0.731600 0.008800 0.028400
TREE 0.389200 0.705600 0.004000 0.009200
TREE 0.389200 0.708400 0.006400 0.009600
TREE 0.377200 0.696000 0.008000 0.005600
TREE 0.395600 0.674000 0.004400 0.008800
TREE 0.379200 0.667200 0.004000 0.005600
NOT_TREE 0.339600 0.662000 0.024800 0.009200
NOT_TREE 0.378800 0.592000 0.011600 0.013600
TREE 0.389600 0.611200 0.006400 0.004800
NOT_TREE 0.380800 0.560000 0.006400 0.008400
NOT_TREE 0.384000 0.574000 0.007200 0.010000
NOT_TREE 0.368000 0.529200 0.007200 0.006800
TREE 0.380000 0.520000 0.008000 0.008000
TREE 0.388400 0.497600 0.005600 0.005200
NOT_TREE 0.380000 0.506400 0.017200 0.008000
NOT_TREE 0.376800 0.484000 0.017600 0.008000
NOT_TREE 0.368400 0.462000 0.029600 0.003200
TREE 0.374800 0.449200 0.006400 0.008000
NOT_TREE 0.358800 0.436400 0.018800 0.005200
TREE 0.358000 0.425200 0.012800 0.004800
TREE 0.387600 0.421200 0.013200 0.006000
NOT_TREE 0.340800 0.391200 0.013600 0.009600
NOT_TREE 0.341200 0.362800 0.036000 0.007200
NOT_TREE 0.339200 0.341200 0.013600 0.010000
NOT_TREE 0.380800 0.253200 0.015200 0.007200
NOT_TREE 0.381200 0.232800 0.010800 0.009600
NOT_TREE 0.382800 0.202800 0.002400 0.003200
NOT_TREE 0.382800 0.182800 0.015600 0.023200
TREE 0.367600 0.165200 0.008400 0.010000
NOT_TREE 0.381600 0.104800 0.018000 0.024400
TREE 0.392000 0.087600 0.009600 0.006800
TREE 0.382000 0.054400 0.004800 0.005200
TREE 0.390400 0.059200 0.006000 0.006400
TREE 0.380000 0.040000 0.009200 0.008000
NOT_TREE 0.379600 0.068800 0.008000 0.015600
NOT_TREE 0.368800 0.089200 0.015600 0.010800
NOT_TREE 0.382800 0.023600 0.014000 0.014400
NOT_TREE 0.379600 0.004800 0.008800 0.008800
TREE 0.395200 0.012800 0.011200 0.006400
TREE 0.408000 0.024800 0.007600 0.012400
TREE 0.424000 0.031600 0.006400 0.013200
TREE 0.437600 0.040800 0.012800 0.013600
TREE 0.449600 0.052800 0.006400 0.007200
NOT_TREE 0.410400 0.046800 0.018800 0.011200
NOT_TREE 0.440800 0.065200 0.016000 0.018800
NOT_TREE 0.458800 0.076000 0.016000 0.028000
NOT_TREE 0.440000 0.094000 0.013200 0.010400
NOT_TREE 0.423600 0.092400 0.013200 0.015600
NOT_TREE 0.411200 0.110000 0.018400 0.023200
NOT_TREE 0.402800 0.129600 0.017200 0.018400
NOT_TREE 0.425600 0.142000 0.017200 0.016000
TREE 0.459600 0.148000 0.009200 0.008800
TREE 0.467600 0.158800 0.006800 0.006400
TREE 0.446400 0.159600 0.015200 0.009600
TREE 0.428800 0.203200 0.011200 0.010000
TREE 0.442000 0.192400 0.011200 0.010400
TREE 0.471200 0.199600 0.009600 0.007600
TREE 0.464800 0.217600 0.032800 0.009600
TREE 0.516800 0.207600 0.012800 0.012400
TREE 0.527600 0.223600 0.013200 0.010400
TREE 0.451200 0.238800 0.012400 0.004000
TREE 0.482400 0.233600 0.011200 0.012800
TREE 0.423200 0.246400 0.008400 0.005600
TREE 0.412000 0.258800 0.010400 0.008000
TREE 0.430000 0.260800 0.011600 0.002400
TREE 0.452400 0.260400 0.034000 0.006400
TREE 0.491600 0.258400 0.018000 0.003600
TREE 0.480000 0.253600 0.012400 0.004000
NOT_TREE 0.400800 0.202400 0.022800 0.012000
NOT_TREE 0.410000 0.179200 0.020400 0.017200
NOT_TREE 0.444800 0.119200 0.027200 0.022000
NOT_TREE 0.482400 0.100000 0.022400 0.018400
NOT_TREE 0.512000 0.112000 0.011600 0.010000
TREE 0.508800 0.124400 0.005200 0.006400
NOT_TREE 0.492000 0.136000 0.016000 0.015600
NOT_TREE 0.486800 0.152800 0.011200 0.007600
NOT_TREE 0.485200 0.172800 0.012000 0.012000
NOT_TREE 0.495200 0.192800 0.008800 0.014400
TREE 0.524400 0.157600 0.008800 0.007600
TREE 0.537200 0.173200 0.007200 0.009600
TREE 0.535600 0.137200 0.005200 0.010400
TREE 0.541600 0.128400 0.011600 0.009600
TREE 0.556800 0.136800 0.009200 0.007600
TREE 0.576000 0.146000 0.010800 0.008000
TREE 0.567200 0.156400 0.007200 0.004000
TREE 0.587200 0.164400 0.012000 0.008000
TREE 0.575600 0.189200 0.011200 0.007600
TREE 0.564800 0.190000 0.006000 0.006400
TREE 0.588000 0.192000 0.012400 0.011600
TREE 0.590400 0.221600 0.007600 0.013200
TREE 0.572000 0.216800 0.005200 0.006400
TREE 0.545200 0.208000 0.008800 0.006000
NOT_TREE 0.484800 0.030000 0.045200 0.037600
NOT_TREE 0.438000 0.002400 0.104000 0.012400
TREE 0.454000 0.023200 0.011200 0.008000
NOT_TREE 0.532000 0.025600 0.027600 0.012000
TREE 0.547200 0.010000 0.012400 0.006800
TREE 0.560400 0.018800 0.006400 0.006000
TREE 0.586400 0.031200 0.013600 0.010400
TREE 0.568800 0.020400 0.006000 0.007200
TREE 0.586800 0.006800 0.011200 0.011600
TREE 0.604400 0.014400 0.011200 0.008000
TREE 0.618000 0.046800 0.004800 0.003200
TREE 0.603600 0.043600 0.004400 0.005600
TREE 0.580400 0.059200 0.009200 0.007600
TREE 0.538800 0.096800 0.013600 0.006800
TREE 0.546000 0.067600 0.007200 0.008400
TREE 0.590400 0.092000 0.007600 0.006400
TREE 0.613200 0.074800 0.010800 0.012400
NOT_TREE 0.595600 0.052400 0.030400 0.016000
NOT_TREE 0.564400 0.039600 0.018000 0.010000
NOT_TREE 0.615200 0.028000 0.016000 0.012800
NOT_TREE 0.635600 0.042000 0.013200 0.013200
NOT_TREE 0.651600 0.050800 0.011200 0.009600
NOT_TREE 0.630800 0.012000 0.019200 0.016000
NOT_TREE 0.664400 0.029600 0.011200 0.014000
TREE 0.667200 0.022400 0.005200 0.004800
NOT_TREE 0.681600 0.005200 0.015200 0.019200
NOT_TREE 0.703600 0.019600 0.012800 0.015600
NOT_TREE 0.702400 0.040000 0.022400 0.014400
NOT_TREE 0.682400 0.066800 0.006000 0.007600
TREE 0.676400 0.072800 0.004400 0.006000
TREE 0.651600 0.068400 0.006000 0.005200
TREE 0.639600 0.062800 0.009200 0.006800
TREE 0.631200 0.059200 0.006400 0.008000
TREE 0.639200 0.090400 0.006400 0.007600
TREE 0.650000 0.095200 0.006000 0.006800
TREE 0.624800 0.118400 0.008000 0.005200
TREE 0.600000 0.128400 0.013600 0.012800
NOT_TREE 0.670000 0.154400 0.010800 0.028400
NOT_TREE 0.654400 0.172400 0.022800 0.015600
TREE 0.660400 0.190800 0.006000 0.006000
TREE 0.670400 0.198000 0.008800 0.007600
TREE 0.664000 0.205200 0.005200 0.006000
TREE 0.686800 0.175200 0.008800 0.010400
TREE 0.704400 0.179600 0.004400 0.007600
TREE 0.708800 0.153600 0.008000 0.006800
TREE 0.747200 0.116000 0.009200 0.008400
TREE 0.714000 0.103200 0.005200 0.007200
NOT_TREE 0.671600 0.093600 0.024000 0.047600
NOT_TREE 0.646400 0.112000 0.018400 0.018800
NOT_TREE 0.604400 0.094000 0.027600 0.012800
NOT_TREE 0.570800 0.074800 0.030000 0.008800
NOT_TREE 0.561600 0.092000 0.016000 0.018400
NOT_TREE 0.529600 0.079200 0.025600 0.011200
NOT_TREE 0.497200 0.075200 0.021600 0.022400
NOT_TREE 0.547600 0.119600 0.010000 0.005600
NOT_TREE 0.568000 0.127200 0.018000 0.011200
NOT_TREE 0.594000 0.148400 0.022400 0.012000
TREE 0.611200 0.164000 0.007200 0.004400
NOT_TREE 0.618000 0.175200 0.031600 0.014800
NOT_TREE 0.613600 0.203600 0.020800 0.027600
NOT_TREE 0.626000 0.195600 0.014400 0.012400
NOT_TREE 0.637600 0.189600 0.010400 0.038800
NOT_TREE 0.603200 0.216800 0.012400 0.016000
TREE 0.560800 0.280400 0.002800 0.008800
TREE 0.485200 0.272800 0.009600 0.012000
TREE 0.460000 0.282400 0.008000 0.005200
TREE 0.449600 0.282400 0.008400 0.006800
TREE 0.446000 0.286000 0.004000 0.003600
TREE 0.427200 0.286400 0.004800 0.012400
TREE 0.430400 0.312800 0.012000 0.004000
TREE 0.450400 0.309200 0.012000 0.003600
TREE 0.464400 0.305600 0.014400 0.004000
TREE 0.487600 0.296000 0.022000 0.007200
TREE 0.522400 0.292000 0.012400 0.005200
TREE 0.499600 0.314800 0.007600 0.010400
TREE 0.482400 0.323600 0.007600 0.009200
TREE 0.464000 0.327600 0.009600 0.011200
TREE 0.449600 0.330800 0.010400 0.007200
TREE 0.442000 0.336800 0.005600 0.002400
TREE 0.390400 0.340400 0.010400 0.013200
TREE 0.414800 0.336800 0.007600 0.012800
TREE 0.399600 0.366800 0.021600 0.008000
TREE 0.470000 0.353200 0.028800 0.007600
TREE 0.494000 0.347600 0.019200 0.010800
TREE 0.517600 0.342000 0.007200 0.008400
TREE 0.532400 0.341200 0.014000 0.007600
TREE 0.513600 0.364400 0.003200 0.008400
TREE 0.442000 0.378000 0.023600 0.010000
TREE 0.485600 0.371600 0.011200 0.009200
TREE 0.452000 0.406400 0.012000 0.006800
TREE 0.428400 0.362400 0.011600 0.004400
TREE 0.410800 0.385200 0.004800 0.006400
NOT_TREE 0.394000 0.397600 0.035200 0.018400
TREE 0.431600 0.389600 0.007200 0.021600
TREE 0.385600 0.369600 0.012800 0.006000
TREE 0.385200 0.321200 0.023200 0.001200
TREE 0.497200 0.398800 0.022000 0.005600
TREE 0.521200 0.383200 0.009200 0.008400
TREE 0.555600 0.386800 0.016000 0.008400
TREE 0.554800 0.408400 0.024800 0.012000
TREE 0.566000 0.432800 0.024800 0.005200
TREE 0.478400 0.421200 0.026800 0.007200
TREE 0.394800 0.442400 0.011200 0.004400
TREE 0.409200 0.439200 0.014400 0.011600
NOT_TREE 0.410800 0.425600 0.026800 0.005200
TREE 0.413600 0.418000 0.014800 0.002400
TREE 0.438800 0.434400 0.004000 0.012800
NOT_TREE 0.403200 0.457600 0.016400 0.002800
TREE 0.384000 0.470000 0.007200 0.007600
TREE 0.397200 0.470400 0.008000 0.003200
TREE 0.406800 0.466000 0.008000 0.006800
TREE 0.418800 0.466000 0.007600 0.004800
TREE 0.424800 0.462000 0.006000 0.006000
TREE 0.422000 0.484800 0.007600 0.008400
TREE 0.430400 0.490400 0.003200 0.006800
NOT_TREE 0.399200 0.479600 0.019200 0.013200
NOT_TREE 0.403600 0.498400 0.023200 0.016800
NOT_TREE 0.393200 0.530000 0.018800 0.008400
TREE 0.412400 0.517600 0.003600 0.006800
TREE 0.424000 0.516000 0.007200 0.003200
TREE 0.440000 0.510800 0.006800 0.006000
TREE 0.434000 0.529600 0.002800 0.009600
TREE 0.433600 0.529600 0.008400 0.008800
NOT_TREE 0.416000 0.545200 0.013200 0.009600
NOT_TREE 0.397600 0.554800 0.018800 0.008400
TREE 0.397200 0.542000 0.014000 0.006800
TREE 0.402400 0.568400 0.013600 0.007200
TREE 0.423600 0.558400 0.019600 0.008400
TREE 0.420000 0.579600 0.016400 0.005200
TREE 0.411200 0.599200 0.013200 0.009200
TREE 0.429200 0.593200 0.007600 0.008000
NOT_TREE 0.398800 0.584800 0.017200 0.012000
NOT_TREE 0.409600 0.613200 0.018800 0.012000
NOT_TREE 0.404800 0.631600 0.018000 0.010000
TREE 0.393600 0.639200 0.008000 0.012000
TREE 0.404800 0.654800 0.007200 0.008800
NOT_TREE 0.422400 0.646000 0.013200 0.020000
NOT_TREE 0.414400 0.669600 0.014800 0.018400
NOT_TREE 0.402400 0.692800 0.015200 0.012400
NOT_TREE 0.401600 0.710400 0.020000 0.017200
NOT_TREE 0.404800 0.736400 0.006400 0.011600
TREE 0.427200 0.720000 0.012400 0.009600
TREE 0.435200 0.735200 0.009600 0.010000
TREE 0.438000 0.747600 0.008400 0.006400
NOT_TREE 0.400000 0.753200 0.021600 0.017600
NOT_TREE 0.409600 0.773200 0.027200 0.008800
TREE 0.404000 0.794400 0.008400 0.010800
TREE 0.416400 0.796400 0.007600 0.006400
TREE 0.424800 0.794800 0.010000 0.006800
TREE 0.435600 0.790800 0.007600 0.004400
TREE 0.443600 0.784000 0.008000 0.006400
NOT_TREE 0.454400 0.773600 0.026000 0.026400
NOT_TREE 0.448800 0.762400 0.027200 0.012000
NOT_TREE 0.459600 0.747200 0.016400 0.011600
NOT_TREE 0.442400 0.798000 0.017600 0.010000
NOT_TREE 0.420400 0.810400 0.021200 0.007600
NOT_TREE 0.408800 0.817200 0.010000 0.005200
TREE 0.420400 0.822400 0.003600 0.005600
TREE 0.432000 0.824800 0.006800 0.006000
TREE 0.448800 0.816800 0.011600 0.007200
TREE 0.466000 0.826000 0.007600 0.006400
TREE 0.474800 0.827600 0.016000 0.011200
TREE 0.488400 0.824400 0.014000 0.013600
TREE 0.470000 0.833600 0.016400 0.015200
TREE 0.486800 0.838800 0.010400 0.006400
TREE 0.484400 0.857600 0.006400 0.009600
TREE 0.481200 0.874800 0.012400 0.012400
TREE 0.417600 0.855600 0.005600 0.008800
TREE 0.414800 0.895600 0.007200 0.022400
TREE 0.436800 0.919600 0.008000 0.006400
TREE 0.446800 0.928000 0.009600 0.006400
TREE 0.459600 0.929200 0.004400 0.008800
TREE 0.451600 0.919600 0.006800 0.006800
TREE 0.454400 0.894800 0.008400 0.008800
TREE 0.465200 0.903200 0.009600 0.006400
TREE 0.473200 0.900800 0.006400 0.010000
TREE 0.490000 0.902800 0.008400 0.020000
TREE 0.483600 0.932400 0.005200 0.012800
TREE 0.417600 0.938800 0.034800 0.010000
TREE 0.399200 0.952000 0.014400 0.012400
TREE 0.414800 0.958800 0.010000 0.009200
TREE 0.412400 0.968400 0.007200 0.007200
TREE 0.424400 0.969600 0.016800 0.007600
TREE 0.469600 0.961200 0.016400 0.017200
TREE 0.451200 0.952800 0.005200 0.008000
TREE 0.446400 0.973600 0.004000 0.010000
NOT_TREE 0.428400 0.953600 0.014800 0.007600
NOT_TREE 0.406000 0.922800 0.006000 0.006800
NOT_TREE 0.498400 0.926400 0.022800 0.018000
NOT_TREE 0.505600 0.942000 0.013600 0.014400
TREE 0.489600 0.956800 0.012400 0.008000
NOT_TREE 0.457600 0.977600 0.008400 0.016400
NOT_TREE 0.469200 0.938800 0.010400 0.017200
TREE 0.470400 0.918800 0.006400 0.004800
TREE 0.564400 0.918800 0.013600 0.012800
TREE 0.554400 0.932800 0.011600 0.013600
TREE 0.544800 0.944800 0.010800 0.017200
TREE 0.516800 0.973600 0.006000 0.004000
TREE 0.526000 0.978800 0.011200 0.006800
TREE 0.520000 0.964000 0.007200 0.003600
TREE 0.532000 0.971600 0.006800 0.005600
TREE 0.514000 0.984000 0.009600 0.006400
TREE 0.526800 0.990800 0.014400 0.007200
TREE 0.540000 0.986000 0.006000 0.005200
NOT_TREE 0.548800 0.973200 0.019600 0.022000
TREE 0.564400 0.967600 0.006400 0.003200
TREE 0.572000 0.958400 0.004800 0.003200
TREE 0.576800 0.950400 0.004800 0.004800
TREE 0.580400 0.940400 0.004000 0.005600
TREE 0.587200 0.935200 0.004000 0.004400
TREE 0.548000 0.905200 0.007600 0.010800
TREE 0.535600 0.920800 0.003600 0.011600
TREE 0.522800 0.863600 0.009600 0.005600
TREE 0.539200 0.871200 0.009600 0.007200
TREE 0.548400 0.876000 0.006800 0.008400
NOT_TREE 0.516800 0.880800 0.026800 0.018800
NOT_TREE 0.506400 0.905600 0.021200 0.016000
TREE 0.504400 0.875600 0.005200 0.005200
TREE 0.507600 0.868800 0.006800 0.005200
TREE 0.512000 0.859600 0.005200 0.004000
TREE 0.518400 0.824000 0.010000 0.016400
TREE 0.531200 0.836000 0.003600 0.004800
TREE 0.546800 0.841200 0.008800 0.006000
TREE 0.556000 0.839200 0.004800 0.005600
TREE 0.497200 0.803200 0.003200 0.002400
TREE 0.498800 0.808000 0.006800 0.009200
TREE 0.499600 0.796000 0.005600 0.004400
TREE 0.510000 0.795200 0.004000 0.004400
TREE 0.514800 0.801200 0.004800 0.006000
TREE 0.512800 0.808400 0.003200 0.004400
TREE 0.508400 0.814800 0.002800 0.001200
NOT_TREE 0.504400 0.803600 0.005200 0.003200
TREE 0.502800 0.788800 0.006000 0.004800
TREE 0.494800 0.757600 0.009600 0.007600
NOT_TREE 0.488800 0.772400 0.018400 0.010800
NOT_TREE 0.490800 0.729200 0.015200 0.006000
TREE 0.473600 0.710400 0.009600 0.008000
TREE 0.469600 0.732400 0.006000 0.008400
TREE 0.526000 0.678800 0.006800 0.009200
NOT_TREE 0.492800 0.698800 0.030800 0.010400
TREE 0.486000 0.685600 0.007600 0.006800
TREE 0.490800 0.668000 0.006800 0.006400
TREE 0.500000 0.665600 0.005200 0.003600
NOT_TREE 0.457600 0.668800 0.018800 0.006800
NOT_TREE 0.451200 0.692800 0.013600 0.010000
TREE 0.456400 0.683600 0.005600 0.003600
TREE 0.464400 0.650400 0.007200 0.004800
TREE 0.472800 0.648400 0.008400 0.002800
TREE 0.442800 0.636800 0.008000 0.006000
TREE 0.453600 0.634400 0.010000 0.006400
TREE 0.466800 0.634000 0.003600 0.002000
NOT_TREE 0.460000 0.594800 0.027200 0.023200
NOT_TREE 0.458800 0.569200 0.023600 0.016800
TREE 0.482800 0.549200 0.005600 0.009200
TREE 0.492000 0.550800 0.009600 0.007600
TREE 0.484800 0.560000 0.013200 0.009600
TREE 0.503200 0.548000 0.008800 0.007600
TREE 0.513200 0.549600 0.005600 0.002000
TREE 0.528800 0.567200 0.008000 0.006400
TREE 0.546800 0.584000 0.008800 0.012400
TREE 0.536000 0.610400 0.009600 0.005600
TREE 0.509600 0.600800 0.004800 0.010800
TREE 0.528800 0.624400 0.003600 0.006000
TREE 0.558400 0.648800 0.012800 0.009600
TREE 0.544800 0.639200 0.007200 0.006400
TREE 0.560000 0.661600 0.006800 0.006400
NOT_TREE 0.489200 0.623600 0.026800 0.033200
NOT_TREE 0.495200 0.579200 0.008000 0.012400
NOT_TREE 0.462400 0.530000 0.010400 0.028400
NOT_TREE 0.476800 0.500400 0.016800 0.025600
NOT_TREE 0.460400 0.497200 0.008000 0.009600
TREE 0.451600 0.494800 0.005200 0.005200
TREE 0.472000 0.473200 0.007600 0.012800
TREE 0.453200 0.454000 0.008400 0.010800
TREE 0.466800 0.452400 0.011200 0.008800
TREE 0.461600 0.436000 0.005200 0.003200
NOT_TREE 0.446400 0.417600 0.020800 0.009200
NOT_TREE 0.449600 0.393600 0.043600 0.005600
NOT_TREE 0.451600 0.367600 0.028400 0.005600
TREE 0.454000 0.360800 0.006800 0.002400
TREE 0.421200 0.311200 0.004800 0.008000
NOT_TREE 0.507600 0.266800 0.031200 0.018800
NOT_TREE 0.526000 0.236400 0.058000 0.022800
NOT_TREE 0.553600 0.224800 0.013600 0.008000
NOT_TREE 0.513600 0.228800 0.006400 0.008800
TREE 0.506800 0.231600 0.003600 0.009600
TREE 0.557200 0.291200 0.007200 0.017600
TREE 0.568400 0.292400 0.002400 0.010400
NOT_TREE 0.570000 0.262800 0.022400 0.020400
NOT_TREE 0.595600 0.245600 0.009200 0.044800
NOT_TREE 0.606800 0.232800 0.013600 0.018800
NOT_TREE 0.569200 0.173200 0.036000 0.012400
NOT_TREE 0.527600 0.119200 0.005600 0.011200
NOT_TREE 0.544400 0.052800 0.023200 0.012400
NOT_TREE 0.560000 0.003200 0.018000 0.009200
NOT_TREE 0.605200 0.004400 0.063200 0.004800
NOT_TREE 0.681600 0.038800 0.010000 0.014800
TREE 0.682400 0.027200 0.005200 0.008000
NOT_TREE 0.722400 0.002800 0.015600 0.023600
NOT_TREE 0.716800 0.062400 0.014000 0.032400
NOT_TREE 0.738800 0.072400 0.020800 0.020000
TREE 0.706000 0.091200 0.004000 0.004400
NOT_TREE 0.695200 0.073200 0.006400 0.013600
NOT_TREE 0.699200 0.111200 0.015200 0.036800
TREE 0.716400 0.188000 0.009600 0.008800
TREE 0.727200 0.199200 0.008800 0.006000
TREE 0.743200 0.166800 0.008400 0.012400
TREE 0.752000 0.154000 0.014800 0.008000
NOT_TREE 0.729200 0.128000 0.027600 0.011600
NOT_TREE 0.730400 0.151600 0.016400 0.012400
NOT_TREE 0.719200 0.169200 0.016800 0.014800
NOT_TREE 0.690800 0.198800 0.024000 0.034000
NOT_TREE 0.654400 0.216000 0.028800 0.018400
TREE 0.664000 0.238000 0.011200 0.010000
TREE 0.676400 0.242000 0.004000 0.007600
NOT_TREE 0.638000 0.233600 0.019200 0.006400
NOT_TREE 0.651600 0.239200 0.008800 0.011200
TREE 0.640800 0.248400 0.004400 0.006800
TREE 0.631200 0.248800 0.006800 0.007600
TREE 0.651200 0.256400 0.008400 0.007200
TREE 0.652400 0.264800 0.010800 0.011200
TREE 0.672000 0.264400 0.005200 0.013600
TREE 0.668000 0.276000 0.009600 0.005600
TREE 0.682000 0.274400 0.010400 0.007200
TREE 0.692800 0.273600 0.006400 0.008800
TREE 0.692400 0.281200 0.007600 0.007200
TREE 0.707600 0.289600 0.012400 0.009200
TREE 0.728400 0.300400 0.009600 0.013600
TREE 0.723600 0.299600 0.003600 0.009200
TREE 0.724800 0.295600 0.005200 0.006400
TREE 0.662400 0.287600 0.009600 0.012400
TREE 0.658400 0.297200 0.005600 0.009200
TREE 0.676400 0.299200 0.008000 0.013200
TREE 0.688400 0.311200 0.010800 0.012400
TREE 0.716400 0.325200 0.007600 0.010000
TREE 0.639200 0.279600 0.006000 0.008000
TREE 0.631600 0.274400 0.004400 0.008000
NOT_TREE 0.610000 0.261600 0.019200 0.015200
NOT_TREE 0.613600 0.287600 0.012800 0.004800
NOT_TREE 0.637200 0.300800 0.020400 0.009200
TREE 0.632000 0.306000 0.004000 0.009200
TREE 0.641600 0.315600 0.007200 0.003600
TREE 0.656400 0.318800 0.006400 0.007200
TREE 0.680400 0.330800 0.008800 0.007600
TREE 0.693200 0.341600 0.005600 0.004400
TREE 0.689600 0.338400 0.008400 0.008800
TREE 0.700400 0.343200 0.008400 0.009200
TREE 0.701200 0.350800 0.003600 0.006000
NOT_TREE 0.679200 0.350800 0.009600 0.008400
NOT_TREE 0.584800 0.312000 0.032000 0.034400
NOT_TREE 0.560000 0.327600 0.026000 0.018400
TREE 0.591600 0.350400 0.013600 0.014000
TREE 0.575600 0.358800 0.006400 0.007600
NOT_TREE 0.550400 0.351600 0.019200 0.028800
NOT_TREE 0.533600 0.362000 0.010800 0.022800
NOT_TREE 0.528800 0.394800 0.005600 0.018800
NOT_TREE 0.516800 0.414800 0.012000 0.013200
TREE 0.528000 0.430800 0.004400 0.011200
TREE 0.538000 0.452000 0.005200 0.016800
TREE 0.543200 0.475600 0.004800 0.010000
TREE 0.503200 0.480400 0.005200 0.009600
NOT_TREE 0.508800 0.448000 0.008800 0.016000
TREE 0.506000 0.470000 0.006800 0.006000
TREE 0.496800 0.448000 0.003600 0.001600
NOT_TREE 0.485600 0.436000 0.019600 0.004000
NOT_TREE 0.504000 0.499600 0.015200 0.012000
TREE 0.529200 0.505200 0.007200 0.016400
TREE 0.531600 0.489600 0.006800 0.012400
TREE 0.546800 0.496800 0.006000 0.025600
TREE 0.552800 0.519600 0.003200 0.010400
TREE 0.564000 0.507600 0.005200 0.007200
TREE 0.570400 0.507200 0.016400 0.006000
TREE 0.573600 0.514800 0.005600 0.009200
TREE 0.565600 0.485200 0.009200 0.006400
TREE 0.579200 0.480400 0.006400 0.007600
TREE 0.644000 0.468000 0.008000 0.019200
TREE 0.646800 0.489600 0.007200 0.011600
TREE 0.655600 0.488400 0.011600 0.020000
TREE 0.642000 0.497600 0.008400 0.015200
TREE 0.637200 0.469600 0.005600 0.016400
TREE 0.650800 0.465600 0.006400 0.015600
TREE 0.613600 0.429600 0.006800 0.016000
TREE 0.635600 0.441200 0.008400 0.015600
TREE 0.649200 0.440800 0.005200 0.024800
TREE 0.669600 0.425600 0.006000 0.009200
TREE 0.675600 0.439600 0.007600 0.016400
TREE 0.680800 0.428000 0.007600 0.008800
TREE 0.618800 0.403600 0.012400 0.011200
TREE 0.613200 0.389600 0.009200 0.010800
TREE 0.640800 0.376000 0.012000 0.012800
TREE 0.655200 0.384800 0.014400 0.009600
TREE 0.670400 0.392800 0.009600 0.011200
TREE 0.678400 0.396400 0.011600 0.010400
TREE 0.691600 0.400400 0.006800 0.012000
NOT_TREE 0.658000 0.404800 0.019600 0.014800
NOT_TREE 0.680800 0.414000 0.009200 0.009200
TREE 0.618800 0.366800 0.008000 0.009600
NOT_TREE 0.628800 0.358000 0.020400 0.003200
NOT_TREE 0.626400 0.330400 0.018400 0.016800
NOT_TREE 0.652000 0.336000 0.024000 0.004800
TREE 0.674000 0.365200 0.009600 0.009600
TREE 0.686000 0.371600 0.009600 0.010400
NOT_TREE 0.708400 0.369600 0.010000 0.002400
TREE 0.722800 0.364000 0.004800 0.004800
TREE 0.730000 0.366400 0.002800 0.004800
NOT_TREE 0.712800 0.374800 0.014000 0.014800
NOT_TREE 0.733600 0.377200 0.009600 0.015600
TREE 0.726800 0.396400 0.004800 0.006000
TREE 0.718000 0.403600 0.003600 0.007600
TREE 0.708000 0.391600 0.003600 0.004000
TREE 0.735200 0.429600 0.004800 0.008800
TREE 0.741200 0.434800 0.008000 0.008000
TREE 0.750400 0.436400 0.008800 0.012400
TREE 0.698000 0.443200 0.004000 0.009200
TREE 0.692400 0.444000 0.004800 0.007200
TREE 0.686000 0.434800 0.007200 0.007200
TREE 0.674400 0.460400 0.007200 0.010000
TREE 0.661200 0.468800 0.002400 0.009600
TREE 0.648400 0.422400 0.010800 0.008800
TREE 0.632000 0.410400 0.009200 0.012400
TREE 0.626000 0.395200 0.010800 0.008800
TREE 0.603600 0.414800 0.007200 0.008000
NOT_TREE 0.581600 0.376000 0.023600 0.030400
NOT_TREE 0.587600 0.412800 0.007600 0.010800
NOT_TREE 0.596800 0.448400 0.018000 0.024400
NOT_TREE 0.551600 0.444000 0.036800 0.032800
TREE 0.551600 0.437200 0.007200 0.004800
NOT_TREE 0.539600 0.420800 0.017200 0.010000
NOT_TREE 0.519600 0.463600 0.013200 0.021200
NOT_TREE 0.498800 0.496400 0.020800 0.033200
NOT_TREE 0.487200 0.531600 0.024400 0.010000
NOT_TREE 0.520400 0.529200 0.029200 0.008400
TREE 0.527200 0.545200 0.008000 0.003600
TREE 0.540400 0.556400 0.004800 0.006400
TREE 0.551200 0.560800 0.007200 0.010000
NOT_TREE 0.517600 0.586800 0.019200 0.013600
NOT_TREE 0.588800 0.630400 0.007600 0.010000
NOT_TREE 0.574400 0.619600 0.009200 0.006800
TREE 0.608800 0.638000 0.003600 0.008800
TREE 0.618000 0.620800 0.006400 0.008400
TREE 0.606800 0.608000 0.008800 0.008800
TREE 0.591600 0.582000 0.004800 0.006000
TREE 0.584000 0.584400 0.006400 0.004800
TREE 0.611600 0.554400 0.009200 0.009600
TREE 0.610000 0.566800 0.007600 0.008000
TREE 0.630000 0.556800 0.005600 0.011200
TREE 0.604400 0.569600 0.006000 0.005600
NOT_TREE 0.574400 0.546800 0.014000 0.022800
TREE 0.563600 0.567600 0.002400 0.007600
NOT_TREE 0.637600 0.559200 0.005200 0.018400
NOT_TREE 0.647200 0.546400 0.007600 0.012400
TREE 0.661600 0.578400 0.009200 0.012400
TREE 0.671600 0.596000 0.005200 0.010000
TREE 0.672800 0.589600 0.007600 0.010000
TREE 0.664400 0.603600 0.007200 0.012000
TREE 0.642800 0.618800 0.015600 0.008000
TREE 0.654800 0.625200 0.010800 0.009600
TREE 0.664400 0.630400 0.011600 0.013600
TREE 0.678400 0.641600 0.006400 0.005200
TREE 0.633600 0.634000 0.006800 0.006000
TREE 0.629600 0.640000 0.006400 0.006800
TREE 0.627600 0.647200 0.004000 0.005200
TREE 0.612400 0.660000 0.008000 0.008000
TREE 0.646800 0.677600 0.005200 0.004400
TREE 0.652400 0.653200 0.013600 0.012000
TREE 0.643600 0.648400 0.008400 0.005200
TREE 0.659200 0.684800 0.008000 0.006000
NOT_TREE 0.581200 0.651200 0.011200 0.041200
NOT_TREE 0.554400 0.677200 0.022400 0.022800
NOT_TREE 0.543600 0.693200 0.017200 0.025600
TREE 0.517600 0.733200 0.008000 0.009600
TREE 0.505200 0.741200 0.009200 0.008400
TREE 0.495200 0.749600 0.008000 0.006000
TREE 0.530000 0.758400 0.005600 0.010800
TREE 0.547600 0.757600 0.009200 0.008000
TREE 0.547200 0.770400 0.012000 0.017600
TREE 0.558400 0.765200 0.005200 0.009600
TREE 0.539600 0.788000 0.004000 0.004400
TREE 0.531600 0.797600 0.006400 0.008400
TREE 0.535600 0.790400 0.009200 0.007600
TREE 0.564000 0.742000 0.013200 0.014000
TREE 0.566400 0.723600 0.010800 0.012800
TREE 0.573200 0.712000 0.010400 0.010000
TREE 0.585200 0.706400 0.008000 0.015600
TREE 0.579600 0.724400 0.006400 0.008400
TREE 0.604000 0.717600 0.004000 0.004400
TREE 0.624000 0.724800 0.013600 0.011600
TREE 0.597600 0.716800 0.004400 0.002800
TREE 0.606400 0.692800 0.004000 0.006000
NOT_TREE 0.600000 0.675200 0.026000 0.012000
NOT_TREE 0.640400 0.695200 0.021600 0.014000
TREE 0.618000 0.695600 0.010400 0.007600
NOT_TREE 0.645200 0.722000 0.010000 0.011600
NOT_TREE 0.622800 0.711200 0.012000 0.006000
TREE 0.616800 0.718400 0.005600 0.003600
TREE 0.606400 0.712400 0.004400 0.007200
TREE 0.614400 0.724400 0.004000 0.004400
TREE 0.614000 0.743600 0.004000 0.006800
TREE 0.606800 0.750400 0.006800 0.005600
NOT_TREE 0.584400 0.754400 0.016400 0.036000
NOT_TREE 0.569200 0.778400 0.011200 0.022800
NOT_TREE 0.551200 0.800800 0.011600 0.010400
TREE 0.546400 0.810400 0.002400 0.005600
NOT_TREE 0.536000 0.817200 0.010000 0.011600
NOT_TREE 0.570000 0.819200 0.016800 0.017200
TREE 0.558800 0.820000 0.006000 0.004400
TREE 0.554000 0.853600 0.007600 0.004800
NOT_TREE 0.529600 0.849600 0.018800 0.013200
TREE 0.519200 0.840400 0.009200 0.006400
NOT_TREE 0.533600 0.906400 0.009600 0.010000
NOT_TREE 0.606400 0.925600 0.018000 0.023200
NOT_TREE 0.622000 0.936800 0.012800 0.016400
NOT_TREE 0.591600 0.948000 0.011600 0.007200
NOT_TREE 0.588400 0.961200 0.007200 0.014000
NOT_TREE 0.606400 0.960800 0.010800 0.022400
NOT_TREE 0.586000 0.910000 0.007600 0.011200
NOT_TREE 0.597200 0.882800 0.017200 0.016000
NOT_TREE 0.587600 0.854000 0.008000 0.016000
NOT_TREE 0.610400 0.856400 0.014000 0.020400
NOT_TREE 0.599600 0.839200 0.008400 0.011600
TREE 0.603600 0.810800 0.007600 0.007600
TREE 0.579600 0.850400 0.004800 0.008000
TREE 0.589200 0.836400 0.004000 0.007200
TREE 0.568000 0.865200 0.005200 0.010400
TREE 0.649200 0.876800 0.006400 0.014000
TREE 0.633600 0.854800 0.007600 0.010400
TREE 0.635600 0.794800 0.006000 0.006000
TREE 0.644400 0.800800 0.005600 0.006400
TREE 0.653200 0.804800 0.006800 0.008800
TREE 0.604400 0.777600 0.011600 0.011200
NOT_TREE 0.641600 0.769200 0.010000 0.016800
NOT_TREE 0.656400 0.784400 0.012400 0.014000
TREE 0.658000 0.765200 0.009200 0.011200
NOT_TREE 0.621600 0.903200 0.011200 0.014400
TREE 0.656000 0.912800 0.013200 0.010400
TREE 0.666000 0.904800 0.005600 0.008400
TREE 0.668400 0.896000 0.008000 0.006000
TREE 0.680000 0.885600 0.005600 0.004800
TREE 0.648400 0.926000 0.009600 0.004000
TREE 0.627600 0.958000 0.010800 0.009600
TREE 0.621200 0.979200 0.004000 0.007200
TREE 0.610800 0.989600 0.004000 0.004400
TREE 0.651600 0.972400 0.003600 0.008400
NOT_TREE 0.627200 0.982400 0.010800 0.013200
NOT_TREE 0.644000 0.936000 0.022000 0.029600
NOT_TREE 0.636800 0.893200 0.011600 0.023600
NOT_TREE 0.633200 0.875600 0.010800 0.015600
TREE 0.623600 0.882400 0.006400 0.006800
TREE 0.618000 0.894000 0.004800 0.005200
TREE 0.627200 0.844000 0.003600 0.003200
TREE 0.641600 0.846800 0.003600 0.003200
TREE 0.648000 0.837200 0.004000 0.008000
NOT_TREE 0.614000 0.818800 0.013600 0.017600
NOT_TREE 0.624800 0.754400 0.009200 0.026800
NOT_TREE 0.626400 0.591200 0.027200 0.020400
NOT_TREE 0.646400 0.521200 0.012800 0.010800
NOT_TREE 0.664400 0.521200 0.006000 0.007200
TREE 0.625600 0.520000 0.010000 0.008000
TREE 0.595600 0.528800 0.008000 0.008000
TREE 0.573600 0.533200 0.013600 0.005200
TREE 0.565200 0.534000 0.008400 0.006400
NOT_TREE 0.598800 0.486400 0.023200 0.012800
TREE 0.632800 0.497600 0.002400 0.008000
NOT_TREE 0.643200 0.394800 0.006800 0.022400
TREE 0.660800 0.362400 0.004400 0.010400
NOT_TREE 0.595200 0.298400 0.016400 0.009200
NOT_TREE 0.681600 0.254800 0.004800 0.011600
NOT_TREE 0.688000 0.242800 0.012000 0.007200
NOT_TREE 0.654000 0.151600 0.006400 0.014000
NOT_TREE 0.691600 0.159200 0.012000 0.015600
NOT_TREE 0.642000 0.165600 0.007600 0.006400
NOT_TREE 0.660000 0.082000 0.008800 0.010400
NOT_TREE 0.661200 0.972400 0.010800 0.012800
TREE 0.678800 0.954000 0.005200 0.005600
TREE 0.690800 0.946000 0.007200 0.007600
TREE 0.698000 0.938000 0.002400 0.005200
TREE 0.708000 0.923600 0.004000 0.004000
TREE 0.689600 0.912000 0.004800 0.008400
NOT_TREE 0.675600 0.912000 0.005600 0.018800
NOT_TREE 0.670000 0.853200 0.009600 0.029200
NOT_TREE 0.650000 0.845200 0.011200 0.019600
NOT_TREE 0.661600 0.829200 0.009200 0.014800
TREE 0.691200 0.837600 0.008800 0.006400
TREE 0.693600 0.856000 0.008000 0.009600
TREE 0.734800 0.879200 0.015200 0.018400
TREE 0.727600 0.907200 0.009200 0.010800
TREE 0.719200 0.925600 0.009600 0.009600
TREE 0.713200 0.933600 0.005600 0.009600
TREE 0.706400 0.934800 0.008800 0.013600
TREE 0.704400 0.950800 0.005600 0.012400
TREE 0.699200 0.959600 0.010000 0.012400
TREE 0.711600 0.972800 0.008800 0.006800
TREE 0.723600 0.980000 0.004000 0.002400
TREE 0.681200 0.990000 0.004400 0.008400
TREE 0.717200 0.990800 0.010000 0.006400
TREE 0.723200 0.937600 0.002800 0.008800
TREE 0.717200 0.905200 0.004000 0.010400
NOT_TREE 0.706000 0.864000 0.019600 0.038800
NOT_TREE 0.691200 0.874800 0.009600 0.022800
NOT_TREE 0.689200 0.797200 0.023200 0.028400
TREE 0.673200 0.802800 0.007200 0.013200
TREE 0.710800 0.828000 0.004400 0.005200
TREE 0.715600 0.820400 0.004000 0.006800
TREE 0.721600 0.810400 0.004400 0.006800
TREE 0.728800 0.806400 0.000800 0.003200
TREE 0.748800 0.812400 0.004800 0.004400
TREE 0.672800 0.742800 0.010400 0.014400
TREE 0.684000 0.747200 0.008000 0.018400
TREE 0.663600 0.732400 0.010800 0.012400
TREE 0.668800 0.713200 0.003600 0.009200
TREE 0.671200 0.717600 0.008800 0.011200
TREE 0.674400 0.725200 0.012000 0.012800
TREE 0.685200 0.726400 0.012800 0.016400
TREE 0.683600 0.712000 0.017200 0.013200
TREE 0.676000 0.700800 0.020800 0.016800
TREE 0.700800 0.703600 0.014000 0.024800
TREE 0.694800 0.733600 0.012800 0.027200
TREE 0.687200 0.692400 0.026400 0.024000
TREE 0.692400 0.677200 0.014000 0.013200
TREE 0.704000 0.668000 0.008400 0.006400
NOT_TREE 0.710400 0.683200 0.004800 0.004000
TREE 0.724000 0.668800 0.008400 0.004800
TREE 0.716800 0.667600 0.015200 0.011200
TREE 0.723600 0.681600 0.018000 0.020000
TREE 0.714800 0.693200 0.019600 0.032400
TREE 0.735200 0.689600 0.020800 0.026400
TREE 0.738800 0.674000 0.006400 0.005200
TREE 0.747600 0.678800 0.006400 0.009200
TREE 0.706400 0.725200 0.016400 0.016400
TREE 0.720000 0.733600 0.015200 0.020800
TREE 0.731200 0.760800 0.012400 0.012000
TREE 0.715200 0.774400 0.013200 0.011600
TREE 0.700800 0.765200 0.012000 0.011600
NOT_TREE 0.676400 0.659200 0.011200 0.027600
NOT_TREE 0.695200 0.622400 0.014000 0.019200
TREE 0.684000 0.604800 0.008400 0.012800
TREE 0.690000 0.546400 0.006400 0.008400
TREE 0.710000 0.560400 0.007200 0.009200
TREE 0.692800 0.516400 0.008800 0.011200
TREE 0.715600 0.529200 0.006400 0.005600
TREE 0.731600 0.536800 0.003600 0.005200
TREE 0.748800 0.554000 0.007600 0.004800
TREE 0.756800 0.553200 0.006800 0.007600
TREE 0.731200 0.508400 0.011200 0.012800
TREE 0.713600 0.502800 0.009600 0.009200
TREE 0.678800 0.484000 0.002800 0.006800
TREE 0.683200 0.468400 0.004800 0.010000
NOT_TREE 0.694000 0.458000 0.012000 0.011600
NOT_TREE 0.673200 0.498800 0.007600 0.011200
TREE 0.701200 0.413600 0.006000 0.006400
NOT_TREE 0.725600 0.320000 0.034400 0.031600
NOT_TREE 0.714800 0.242400 0.047600 0.040000
NOT_TREE 0.745200 0.267600 0.020400 0.031600
NOT_TREE 0.728000 0.222400 0.028400 0.019600
TREE 0.739200 0.206800 0.016800 0.009600
TREE 0.756000 0.215200 0.008800 0.007200
TREE 0.757200 0.180800 0.011200 0.008400
NOT_TREE 0.742800 0.194800 0.022800 0.009200
NOT_TREE 0.745600 0.100000 0.018400 0.013200
NOT_TREE 0.726800 0.114400 0.006800 0.005200
TREE 0.749600 0.060000 0.005200 0.005200
NOT_TREE 0.744400 0.019600 0.025600 0.038000
TREE 0.760800 0.378400 0.007200 0.010000
TREE 0.761200 0.412000 0.007600 0.012800
NOT_TREE 0.739200 0.405200 0.009600 0.016800
NOT_TREE 0.748800 0.390800 0.007200 0.011600
TREE 0.742800 0.395200 0.004800 0.002800
NOT_TREE 0.715200 0.423200 0.007600 0.021600
TREE 0.704800 0.439200 0.002800 0.008400
TREE 0.711200 0.468000 0.006400 0.010400
TREE 0.748400 0.460400 0.004800 0.002000
TREE 0.757600 0.467200 0.006000 0.007600
TREE 0.749200 0.490000 0.006400 0.007600
NOT_TREE 0.705200 0.483600 0.031600 0.017200
NOT_TREE 0.721600 0.549600 0.014800 0.012800
TREE 0.738800 0.544800 0.002800 0.006400
TREE 0.744000 0.540800 0.001600 0.009200
NOT_TREE 0.699200 0.595200 0.022800 0.018800
TREE 0.702400 0.585600 0.005200 0.006800
TREE 0.734000 0.640400 0.004800 0.012800
NOT_TREE 0.714000 0.642000 0.013600 0.014000
TREE 0.713600 0.635600 0.004000 0.006800
TREE 0.710800 0.640800 0.000800 0.006000
TREE 0.707200 0.646000 0.002400 0.007200
TREE 0.738400 0.727200 0.007200 0.010800
TREE 0.742000 0.718000 0.014400 0.008800
TREE 0.743600 0.752400 0.008400 0.008400
TREE 0.739600 0.775200 0.005200 0.007600
TREE 0.734000 0.775600 0.006000 0.008000
TREE 0.727600 0.788000 0.010800 0.008800
NOT_TREE 0.728800 0.826000 0.020800 0.025200
TREE 0.733600 0.858800 0.008400 0.010000
TREE 0.751200 0.851200 0.002000 0.009200
TREE 0.756000 0.882000 0.009600 0.009200
TREE 0.740000 0.910400 0.003600 0.006400
TREE 0.734400 0.900000 0.006000 0.005200
TREE 0.730800 0.920400 0.006800 0.007600
TREE 0.749600 0.952400 0.007600 0.008400
TREE 0.754400 0.941600 0.005600 0.011200
TREE 0.693600 0.972000 0.007600 0.007200
NOT_TREE 0.774800 0.036800 0.021200 0.029200
TREE 0.772800 0.073200 0.009200 0.011200
TREE 0.763200 0.070400 0.003600 0.004400
TREE 0.800000 0.084800 0.007600 0.008800
TREE 0.792000 0.081600 0.002800 0.006400
TREE 0.790800 0.090000 0.005600 0.004000
TREE 0.815200 0.096800 0.010000 0.004400
TREE 0.843200 0.112000 0.011600 0.007600
TREE 0.878400 0.113600 0.005600 0.004800
TREE 0.898000 0.106800 0.003200 0.004800
NOT_TREE 0.828400 0.068400 0.028800 0.021600
TREE 0.813200 0.045600 0.004800 0.002400
NOT_TREE 0.817600 0.022400 0.022400 0.016400
TREE 0.802000 0.007600 0.010400 0.010400
NOT_TREE 0.850000 0.026800 0.084000 0.040800
NOT_TREE 0.886400 0.063600 0.092400 0.038800
TREE 0.976000 0.043200 0.004800 0.006000
TREE 0.978000 0.010800 0.005200 0.006800
NOT_TREE 0.831200 0.002000 0.090000 0.018000
NOT_TREE 0.934400 0.000800 0.019600 0.046400
NOT_TREE 0.950000 0.019200 0.016000 0.037600
NOT_TREE 0.956000 0.078000 0.037600 0.046400
NOT_TREE 0.908800 0.106400 0.036000 0.048800
NOT_TREE 0.894400 0.120000 0.006400 0.020000
NOT_TREE 0.877200 0.155200 0.006800 0.013600
TREE 0.870000 0.147600 0.006400 0.005200
TREE 0.824400 0.158800 0.008800 0.004800
TREE 0.829200 0.134000 0.008000 0.007600
TREE 0.784400 0.134800 0.008000 0.009600
TREE 0.760400 0.122800 0.008800 0.010400
TREE 0.785200 0.111200 0.008000 0.004400
TREE 0.796000 0.118400 0.004800 0.004400
TREE 0.793200 0.147600 0.007600 0.004800
TREE 0.807200 0.149200 0.012000 0.012400
TREE 0.770800 0.161200 0.008000 0.008800
TREE 0.772800 0.186000 0.005200 0.009600
TREE 0.784000 0.194400 0.006800 0.008000
TREE 0.780000 0.166800 0.005200 0.006800
TREE 0.780800 0.224400 0.012800 0.008000
TREE 0.846800 0.229200 0.012400 0.008400
TREE 0.800800 0.251200 0.006400 0.008400
TREE 0.828800 0.200800 0.004000 0.006400
TREE 0.841600 0.207600 0.005200 0.005600
TREE 0.838800 0.184000 0.004000 0.005200
TREE 0.878400 0.186000 0.016800 0.007200
TREE 0.888000 0.192800 0.005600 0.011200
TREE 0.904400 0.196800 0.006800 0.011600
TREE 0.909600 0.200000 0.009200 0.014000
TREE 0.918800 0.182000 0.010800 0.010800
TREE 0.945200 0.220000 0.012800 0.010400
TREE 0.931200 0.221600 0.004400 0.004400
TREE 0.950800 0.226800 0.010800 0.011200
TREE 0.967600 0.234400 0.008400 0.008400
TREE 0.977600 0.238400 0.008400 0.011200
TREE 0.989600 0.220400 0.008400 0.008800
TREE 0.946400 0.200000 0.010000 0.004000
NOT_TREE 0.938800 0.159600 0.047600 0.029600
NOT_TREE 0.956800 0.129600 0.040000 0.025600
NOT_TREE 0.873600 0.125600 0.012400 0.016000
NOT_TREE 0.842000 0.126400 0.019200 0.031200
NOT_TREE 0.815200 0.107200 0.021200 0.020800
NOT_TREE 0.807200 0.134400 0.014000 0.006800
NOT_TREE 0.840800 0.161600 0.028800 0.018400
NOT_TREE 0.804400 0.174400 0.023600 0.025200
NOT_TREE 0.801600 0.226800 0.022800 0.014800
NOT_TREE 0.813200 0.243600 0.015600 0.028000
NOT_TREE 0.837600 0.246000 0.021600 0.007600
TREE 0.876000 0.245600 0.003200 0.004000
TREE 0.880800 0.248000 0.002400 0.003200
TREE 0.885600 0.249200 0.002000 0.004000
TREE 0.890400 0.254000 0.003200 0.002800
TREE 0.898000 0.257600 0.004800 0.002400
TREE 0.905200 0.259200 0.002000 0.005600
TREE 0.924000 0.278000 0.006000 0.010400
TREE 0.932000 0.283200 0.010800 0.009200
NOT_TREE 0.863600 0.258400 0.024400 0.014000
TREE 0.868800 0.274400 0.003200 0.006800
NOT_TREE 0.885600 0.274800 0.028400 0.016800
NOT_TREE 0.864000 0.289200 0.032000 0.020000
NOT_TREE 0.835600 0.272800 0.023200 0.018800
NOT_TREE 0.803200 0.293600 0.022800 0.019600
NOT_TREE 0.792000 0.316000 0.011200 0.014000
NOT_TREE 0.812000 0.325200 0.018000 0.020400
NOT_TREE 0.835600 0.306400 0.014000 0.017200
NOT_TREE 0.856800 0.326800 0.019200 0.035200
TREE 0.852400 0.308800 0.006000 0.006800
TREE 0.877200 0.321200 0.009600 0.008000
TREE 0.900000 0.320400 0.009600 0.011200
TREE 0.912400 0.328000 0.014800 0.008800
TREE 0.930400 0.336400 0.005600 0.010000
TREE 0.944800 0.345200 0.004800 0.004800
NOT_TREE 0.884800 0.349600 0.022000 0.025200
TREE 0.875200 0.380400 0.007600 0.005600
TREE 0.875600 0.374400 0.006000 0.006800
TREE 0.819600 0.355600 0.008800 0.006800
TREE 0.828000 0.352400 0.008800 0.006800
TREE 0.837200 0.363200 0.008800 0.006800
TREE 0.821600 0.377200 0.010000 0.010400
TREE 0.784800 0.361600 0.012000 0.010400
NOT_TREE 0.778000 0.342400 0.015600 0.014000
TREE 0.773600 0.337200 0.003200 0.006000
NOT_TREE 0.768400 0.302400 0.014000 0.026400
NOT_TREE 0.780800 0.264000 0.019200 0.031200
NOT_TREE 0.770000 0.256400 0.003600 0.016000
NOT_TREE 0.765600 0.332400 0.001600 0.016000
TREE 0.747200 0.357600 0.003600 0.004400
NOT_TREE 0.744000 0.368800 0.010800 0.007200
TREE 0.770000 0.386000 0.005200 0.008000
TREE 0.779200 0.391200 0.003200 0.006000
TREE 0.791200 0.393200 0.003600 0.010000
TREE 0.798800 0.402800 0.004000 0.006400
TREE 0.806000 0.407600 0.004800 0.006800
TREE 0.820800 0.409200 0.008000 0.007200
TREE 0.814400 0.415600 0.005600 0.005200
NOT_TREE 0.805200 0.389600 0.020000 0.011600
NOT_TREE 0.862800 0.418800 0.010800 0.009600
TREE 0.865200 0.408400 0.023200 0.009600
NOT_TREE 0.848800 0.385200 0.022000 0.014000
NOT_TREE 0.894800 0.426000 0.025200 0.021600
NOT_TREE 0.906400 0.412000 0.012800 0.014800
NOT_TREE 0.924000 0.422800 0.016400 0.014800
NOT_TREE 0.914800 0.439600 0.014000 0.010800
TREE 0.933600 0.449200 0.004800 0.005200
TREE 0.930000 0.457200 0.003200 0.007600
TREE 0.906400 0.457600 0.010400 0.015600
TREE 0.912800 0.470400 0.008800 0.011200
TREE 0.914400 0.462000 0.006400 0.007200
TREE 0.904400 0.472400 0.011200 0.014800
TREE 0.909600 0.486400 0.004400 0.009200
TREE 0.896800 0.500800 0.007600 0.007200
TREE 0.795200 0.425200 0.010400 0.013600
TREE 0.808800 0.429200 0.010800 0.013200
TREE 0.800000 0.441600 0.006000 0.001600
TREE 0.818800 0.438000 0.010800 0.011200
TREE 0.822800 0.449600 0.004000 0.006000
TREE 0.830400 0.449600 0.012800 0.008000
TREE 0.827200 0.456000 0.006800 0.003600
TREE 0.833200 0.446400 0.009200 0.007200
TREE 0.841600 0.454800 0.008000 0.006000
TREE 0.857600 0.460800 0.010800 0.011600
TREE 0.868800 0.460400 0.010000 0.009600
TREE 0.877200 0.478000 0.005200 0.011200
TREE 0.807200 0.465600 0.013200 0.008400
TREE 0.800400 0.465600 0.006400 0.005600
TREE 0.771600 0.450000 0.022800 0.007200
TREE 0.766000 0.443600 0.004800 0.003200
TREE 0.775200 0.477600 0.017200 0.011600
TREE 0.783600 0.485200 0.014000 0.009200
TREE 0.801200 0.490400 0.011600 0.008400
TREE 0.805600 0.498400 0.011200 0.008400
TREE 0.812400 0.499600 0.010400 0.008000
TREE 0.834400 0.508800 0.015600 0.013200
TREE 0.835600 0.487600 0.008000 0.003600
TREE 0.823600 0.475600 0.010400 0.004000
TREE 0.816000 0.476400 0.007200 0.005200
TREE 0.764400 0.927600 0.008800 0.013600
TREE 0.774800 0.935200 0.007200 0.012000
TREE 0.759600 0.939200 0.007600 0.006400
TREE 0.760000 0.948000 0.004400 0.009600
TREE 0.756800 0.959200 0.003600 0.008000
TREE 0.749200 0.962800 0.006800 0.007200
TREE 0.768000 0.890000 0.005600 0.006800
TREE 0.774400 0.896800 0.010400 0.007600
TREE 0.791200 0.904800 0.008400 0.008400
TREE 0.801600 0.909600 0.006400 0.006800
TREE 0.807600 0.916400 0.005200 0.006800
TREE 0.812400 0.916400 0.009200 0.009200
TREE 0.816400 0.924800 0.007600 0.008000
TREE 0.825200 0.927600 0.004800 0.003600
NOT_TREE 0.776000 0.841600 0.023200 0.040800
TREE 0.787200 0.793600 0.010400 0.012400
TREE 0.792400 0.752000 0.010800 0.009200
TREE 0.797600 0.744400 0.011600 0.013600
TREE 0.799600 0.740400 0.017200 0.010400
TREE 0.809200 0.753200 0.015200 0.008400
TREE 0.820000 0.747600 0.007600 0.008000
TREE 0.817600 0.737600 0.006000 0.006000
TREE 0.824000 0.726400 0.004800 0.009600
TREE 0.763200 0.721200 0.010400 0.011200
TREE 0.769600 0.707600 0.008000 0.011600
TREE 0.767200 0.692000 0.009600 0.005200
TREE 0.784800 0.702000 0.007200 0.005600
TREE 0.797200 0.704000 0.004000 0.006000
TREE 0.800400 0.696400 0.004400 0.003200
TREE 0.803600 0.690400 0.008000 0.006800
TREE 0.810400 0.682400 0.004000 0.006800
TREE 0.807200 0.680400 0.005200 0.008400
TREE 0.810000 0.675600 0.008400 0.007600
TREE 0.814800 0.686400 0.008400 0.011200
TREE 0.814400 0.698000 0.004400 0.007200
TREE 0.808400 0.705200 0.004400 0.008800
TREE 0.802400 0.714000 0.006800 0.006800
TREE 0.827600 0.729200 0.012800 0.008000
TREE 0.813600 0.730800 0.007200 0.006800
TREE 0.836000 0.738000 0.004000 0.002000
TREE 0.835200 0.746800 0.007600 0.006800
TREE 0.827600 0.750800 0.006800 0.007600
TREE 0.825600 0.760400 0.006400 0.006400
TREE 0.817200 0.765200 0.011200 0.012400
TREE 0.829600 0.768800 0.010800 0.010400
TREE 0.833200 0.765600 0.007200 0.005600
TREE 0.853200 0.763200 0.011600 0.007600
TREE 0.848000 0.739600 0.003200 0.006800
TREE 0.853200 0.747600 0.011200 0.006000
TREE 0.865600 0.755600 0.006400 0.004800
TREE 0.847200 0.778400 0.014400 0.011600
TREE 0.832000 0.784000 0.012800 0.015600
TREE 0.819200 0.779600 0.009200 0.009600
TREE 0.804800 0.770400 0.009600 0.010800
TREE 0.799200 0.783200 0.007600 0.009200
TREE 0.800000 0.799200 0.009200 0.014400
TREE 0.810400 0.801600 0.013600 0.008400
TREE 0.811600 0.794800 0.008400 0.005600
TREE 0.824000 0.798800 0.010400 0.010000
TREE 0.837200 0.803600 0.013600 0.009600
TREE 0.821600 0.813600 0.007600 0.013600
TREE 0.818800 0.821600 0.013600 0.014000
TREE 0.791200 0.816000 0.007600 0.010800
TREE 0.768800 0.804800 0.014800 0.010400
TREE 0.752400 0.801200 0.012400 0.009600
TREE 0.758400 0.793200 0.006000 0.003600
NOT_TREE 0.763600 0.744000 0.019200 0.031600
NOT_TREE 0.781600 0.720800 0.016800 0.018800
TREE 0.768400 0.782400 0.006400 0.007600
TREE 0.788400 0.808800 0.010400 0.006400
TREE 0.803200 0.822000 0.011200 0.015200
TREE 0.814000 0.838000 0.006400 0.011200
TREE 0.790000 0.889600 0.008400 0.008800
TREE 0.867600 0.876800 0.012000 0.011600
TREE 0.837200 0.934400 0.019200 0.013600
TREE 0.852000 0.946400 0.011200 0.010000
TREE 0.859200 0.955600 0.011200 0.010000
TREE 0.852400 0.968400 0.009200 0.011200
TREE 0.851200 0.979200 0.004000 0.006400
TREE 0.835200 0.977200 0.010400 0.010800
TREE 0.826800 0.984400 0.007600 0.009200
TREE 0.817200 0.986000 0.012800 0.006800
TREE 0.794800 0.984800 0.006800 0.006400
TREE 0.782400 0.984800 0.008000 0.007600
TREE 0.786000 0.967600 0.006800 0.008800
TREE 0.796000 0.973600 0.009200 0.009200
TREE 0.803600 0.968800 0.013200 0.008800
TREE 0.802000 0.963200 0.015200 0.008400
TREE 0.810400 0.955600 0.012800 0.013200
TREE 0.792000 0.943600 0.007600 0.008000
TREE 0.787600 0.946000 0.004800 0.009200
NOT_TREE 0.783600 0.919200 0.013200 0.008800
NOT_TREE 0.803200 0.930800 0.008400 0.009600
NOT_TREE 0.815600 0.940800 0.010400 0.007600
NOT_TREE 0.767600 0.909600 0.009600 0.005200
NOT_TREE 0.760400 0.903600 0.008400 0.005600
NOT_TREE 0.819600 0.878800 0.043600 0.037200
NOT_TREE 0.736800 0.937200 0.008800 0.011600
NOT_TREE 0.722800 0.962400 0.014000 0.010000
NOT_TREE 0.744800 0.980400 0.016000 0.011600
NOT_TREE 0.764400 0.988400 0.010000 0.008000
TREE 0.761200 0.971200 0.005600 0.005600
NOT_TREE 0.772800 0.968000 0.002800 0.004800
TREE 0.766800 0.961600 0.005200 0.004400
TREE 0.780800 0.956000 0.011200 0.007200
TREE 0.758000 0.837200 0.010400 0.007600
TREE 0.892400 0.915600 0.008400 0.005600
TREE 0.876400 0.933600 0.006400 0.008400
TREE 0.878000 0.958000 0.004800 0.005600
TREE 0.883600 0.960400 0.007600 0.008000
TREE 0.889600 0.962800 0.011200 0.011200
TREE 0.904400 0.972400 0.006800 0.008000
TREE 0.899600 0.973600 0.005600 0.003200
TREE 0.865600 0.973600 0.006800 0.007600
TREE 0.864400 0.980800 0.009200 0.009200
TREE 0.875200 0.988000 0.006400 0.008400
TREE 0.909200 0.980800 0.006000 0.011600
TREE 0.916400 0.979600 0.004000 0.010800
NOT_TREE 0.902400 0.930400 0.033200 0.036400
NOT_TREE 0.933200 0.878000 0.030400 0.038400
NOT_TREE 0.889200 0.856400 0.026000 0.028400
NOT_TREE 0.849600 0.828800 0.025600 0.033200
NOT_TREE 0.874400 0.782400 0.026800 0.034800
TREE 0.907600 0.839600 0.008800 0.008000
TREE 0.922000 0.851200 0.010000 0.008000
NOT_TREE 0.922800 0.809600 0.021200 0.033600
NOT_TREE 0.957200 0.836800 0.032400 0.038800
NOT_TREE 0.944000 0.768800 0.024000 0.028000
TREE 0.960400 0.757600 0.008400 0.008000
TREE 0.972800 0.800000 0.005600 0.010000
TREE 0.976400 0.793200 0.004800 0.003600
NOT_TREE 0.918800 0.714400 0.022800 0.042400
NOT_TREE 0.906800 0.741600 0.019600 0.026400
NOT_TREE 0.870000 0.710800 0.017600 0.029600
NOT_TREE 0.853200 0.726000 0.008000 0.011200
NOT_TREE 0.836800 0.676400 0.014800 0.026800
NOT_TREE 0.852400 0.700400 0.012400 0.013600
TREE 0.836400 0.708800 0.008400 0.008400
NOT_TREE 0.898000 0.656000 0.020400 0.030000
TREE 0.882400 0.638000 0.008400 0.008000
TREE 0.872000 0.644000 0.008800 0.008400
TREE 0.928400 0.612400 0.013200 0.018000
TREE 0.911600 0.606400 0.006400 0.010400
NOT_TREE 0.881600 0.220800 0.039200 0.024400
NOT_TREE 0.914000 0.245200 0.015600 0.017600
NOT_TREE 0.951600 0.279200 0.019200 0.005600
TREE 0.954000 0.286800 0.004800 0.008000
NOT_TREE 0.957600 0.248800 0.012400 0.006400
NOT_TREE 0.964400 0.196000 0.017200 0.009600
NOT_TREE 0.948000 0.119200 0.008400 0.034000
NOT_TREE 0.986800 0.061600 0.009600 0.015600
NOT_TREE 0.990000 0.031600 0.007600 0.016800
NOT_TREE 0.972000 0.025600 0.009600 0.008800
NOT_TREE 0.967600 0.213600 0.015600 0.015600
NOT_TREE 0.933200 0.205600 0.012000 0.006800
NOT_TREE 0.975600 0.254800 0.008800 0.008000
TREE 0.954400 0.262400 0.012000 0.010800
TREE 0.972800 0.271600 0.010400 0.006800
NOT_TREE 0.937200 0.236000 0.008800 0.009600
NOT_TREE 0.940800 0.301600 0.023600 0.016400
NOT_TREE 0.906000 0.301600 0.024800 0.016400
NOT_TREE 0.940800 0.326000 0.015200 0.010400
NOT_TREE 0.969200 0.328400 0.017200 0.033600
NOT_TREE 0.976000 0.300000 0.018000 0.025600
NOT_TREE 0.974000 0.285200 0.012000 0.009600
NOT_TREE 0.960000 0.328400 0.005600 0.034800
NOT_TREE 0.945200 0.365600 0.053200 0.062000
TREE 0.969600 0.428000 0.010400 0.007600
NOT_TREE 0.913200 0.356400 0.018400 0.052400
TREE 0.914000 0.340400 0.005600 0.010000
TREE 0.881600 0.386400 0.006400 0.007600
TREE 0.829200 0.417600 0.012800 0.008400
TREE 0.847200 0.426400 0.007600 0.009600
TREE 0.856800 0.432400 0.011600 0.010800
TREE 0.869600 0.439200 0.006800 0.010400
TREE 0.881600 0.448000 0.007600 0.008400
TREE 0.885200 0.446400 0.009200 0.009200
TREE 0.888000 0.504400 0.009200 0.010400
TREE 0.881600 0.507200 0.006000 0.009600
TREE 0.867600 0.504000 0.009600 0.008000
TREE 0.854400 0.492800 0.009200 0.010000
TREE 0.865600 0.496400 0.012800 0.008400
TREE 0.898400 0.509200 0.009200 0.010000
TREE 0.902400 0.491600 0.005200 0.012000
TREE 0.936800 0.535200 0.008800 0.008400
TREE 0.938400 0.527200 0.010400 0.003200
TREE 0.950400 0.507600 0.010400 0.010800
TREE 0.951200 0.544000 0.009200 0.010800
TREE 0.958800 0.548800 0.013600 0.011600
TREE 0.972400 0.557200 0.008800 0.009200
TREE 0.982400 0.561600 0.006800 0.010000
TREE 0.978800 0.532400 0.009200 0.008800
TREE 0.926400 0.556400 0.007200 0.008800
TREE 0.886400 0.535200 0.004400 0.004400
TREE 0.779600 0.507200 0.011200 0.010400
TREE 0.795200 0.516800 0.007200 0.011600
TREE 0.804800 0.525600 0.009200 0.008400
TREE 0.816800 0.527600 0.010000 0.009600
TREE 0.830400 0.535200 0.012000 0.010800
TREE 0.852000 0.546000 0.007600 0.006000
TREE 0.862400 0.551600 0.008800 0.004800
NOT_TREE 0.842800 0.570800 0.011600 0.024400
NOT_TREE 0.819200 0.566000 0.016400 0.015200
TREE 0.803600 0.552800 0.008800 0.006800
TREE 0.784400 0.540800 0.007200 0.007600
TREE 0.777600 0.536000 0.005200 0.006400
TREE 0.765600 0.529600 0.005200 0.008000
TREE 0.772400 0.566000 0.007600 0.009600
TREE 0.794800 0.576400 0.007600 0.008000
TREE 0.772800 0.592000 0.014000 0.008000
TREE 0.821200 0.589200 0.004400 0.004000
TREE 0.827200 0.588400 0.004000 0.005200
TREE 0.805600 0.584800 0.005200 0.005600
TREE 0.748000 0.575600 0.004000 0.004400
TREE 0.800400 0.605600 0.010800 0.004800
TREE 0.816000 0.612800 0.007600 0.006800
TREE 0.760800 0.618800 0.005200 0.004000
TREE 0.743600 0.639600 0.003600 0.006400
TREE 0.767200 0.652800 0.006800 0.005600
TREE 0.778800 0.658800 0.004400 0.000400
NOT_TREE 0.737600 0.607200 0.010400 0.021600
TREE 0.747200 0.599200 0.003600 0.004400
TREE 0.734000 0.594000 0.003600 0.003200
NOT_TREE 0.774000 0.672400 0.023200 0.014000
TREE 0.821600 0.655600 0.004000 0.005600
TREE 0.885600 0.703200 0.006800 0.002800
TREE 0.890800 0.707600 0.006400 0.006000
NOT_TREE 0.867200 0.682000 0.016000 0.007600
TREE 0.864000 0.673200 0.005200 0.005200
TREE 0.857600 0.661200 0.004800 0.006000
TREE 0.867200 0.611200 0.005200 0.007600
TREE 0.872000 0.621600 0.004000 0.004400
TREE 0.855600 0.620000 0.001600 0.006000
TREE 0.845600 0.626800 0.007600 0.002000
TREE 0.844400 0.634400 0.002400 0.007600
TREE 0.844000 0.643600 0.004400 0.001600
TREE 0.878800 0.618400 0.002800 0.003600
TREE 0.878400 0.615600 0.006000 0.006400
TREE 0.841600 0.642400 0.004000 0.006800
TREE 0.909600 0.641200 0.009600 0.006400
TREE 0.900800 0.632400 0.003200 0.006000
TREE 0.899600 0.628400 0.001600 0.003200
TREE 0.902000 0.638800 0.005600 0.002400
NOT_TREE 0.888800 0.600800 0.005600 0.017600
NOT_TREE 0.880000 0.586800 0.012800 0.017600
TREE 0.920000 0.583600 0.005600 0.006000
TREE 0.906000 0.582000 0.004400 0.003600
TREE 0.900000 0.575600 0.003600 0.005600
TREE 0.872800 0.551200 0.007200 0.005600
TREE 0.957600 0.572400 0.009200 0.007200
TREE 0.949600 0.569600 0.004000 0.008400
NOT_TREE 0.944000 0.583600 0.036400 0.013200
TREE 0.932000 0.594800 0.004000 0.003600
TREE 0.943600 0.662000 0.007600 0.008400
TREE 0.943200 0.672800 0.004000 0.008800
TREE 0.936800 0.676800 0.007600 0.002400
NOT_TREE 0.921200 0.691600 0.032000 0.018000
TREE 0.943600 0.711200 0.008400 0.002400
TREE 0.957200 0.714800 0.003200 0.004000
TREE 0.948800 0.720400 0.004800 0.002400
TREE 0.964800 0.696400 0.011600 0.006400
TREE 0.966400 0.670400 0.007200 0.006000
TREE 0.957600 0.660800 0.005200 0.004800
TREE 0.982400 0.679600 0.006400 0.004800
TREE 0.984800 0.675600 0.009200 0.005600
TREE 0.981600 0.726000 0.006400 0.007600
NOT_TREE 0.956400 0.739200 0.025600 0.014400
TREE 0.947600 0.750400 0.004800 0.003600
NOT_TREE 0.925200 0.779200 0.012400 0.022000
NOT_TREE 0.909200 0.790800 0.010000 0.012400
NOT_TREE 0.907600 0.814800 0.012800 0.015200
NOT_TREE 0.956400 0.818800 0.036800 0.009200
NOT_TREE 0.885600 0.825200 0.016800 0.021600
NOT_TREE 0.904400 0.894400 0.018000 0.015200
TREE 0.925200 0.914800 0.007200 0.006400
TREE 0.935200 0.920800 0.005200 0.004000
NOT_TREE 0.948000 0.940400 0.047600 0.042400
NOT_TREE 0.959200 0.985200 0.014800 0.013600
TREE 0.933200 0.986000 0.004400 0.005200
TREE 0.940800 0.992000 0.003200 0.004000
NOT_TREE 0.976800 0.890000 0.019600 0.028400
NOT_TREE 0.988800 0.784800 0.009600 0.024000
NOT_TREE 0.974800 0.758400 0.012800 0.015200
NOT_TREE 0.985200 0.707600 0.006000 0.013600
NOT_TREE 0.959200 0.685200 0.010400 0.002400
TREE 0.950400 0.606000 0.007200 0.004000
TREE 0.984400 0.622800 0.004000 0.005600
NOT_TREE 0.903600 0.542400 0.014400 0.020000
NOT_TREE 0.977200 0.450800 0.015200 0.038800
NOT_TREE 0.949600 0.445600 0.018800 0.031600
NOT_TREE 0.930000 0.486800 0.012800 0.026000
NOT_TREE 0.968800 0.511200 0.017600 0.016400
TREE 0.956800 0.491600 0.005200 0.006000
TREE 0.991200 0.590800 0.002800 0.010400
TREE 0.992400 0.575600 0.002400 0.006400
NOT_TREE 0.949200 0.626000 0.010800 0.022000
NOT_TREE 0.954800 0.919600 0.036800 0.019600
NOT_TREE 0.929600 0.971200 0.017200 0.008400
NOT_TREE 0.870000 0.897200 0.013200 0.019600
TREE 0.884400 0.922000 0.005200 0.008400
NOT_TREE 0.824000 0.863600 0.027600 0.010000
TREE 0.808800 0.865600 0.005600 0.006800
TREE 0.892000 0.738800 0.004000 0.002800
TREE 0.862800 0.580000 0.002000 0.006000
TREE 0.874800 0.576800 0.002800 0.004400
TREE 0.892000 0.523200 0.004000 0.007200
TREE 0.879200 0.544000 0.005200 0.004000
NOT_TREE 0.857200 0.534000 0.018800 0.010000
NOT_TREE 0.887600 0.468400 0.008000 0.022800
NOT_TREE 0.946400 0.432000 0.010000 0.008400
NOT_TREE 0.927200 0.469600 0.006800 0.007600
NOT_TREE 0.948800 0.482400 0.015200 0.005600
TREE 0.920800 0.490800 0.006400 0.008800
TREE 0.913200 0.507200 0.004800 0.009200
NOT_TREE 0.933600 0.357200 0.006000 0.018800
NOT_TREE 0.836800 0.333600 0.014400 0.021200
NOT_TREE 0.802400 0.277200 0.027200 0.011200
NOT_TREE 0.775200 0.242400 0.017200 0.012800
NOT_TREE 0.824800 0.215200 0.022800 0.009600
NOT_TREE 0.774000 0.209200 0.009600 0.006800
NOT_TREE 0.859600 0.193200 0.014400 0.028800
NOT_TREE 0.866800 0.230400 0.008000 0.010400
NOT_TREE 0.902400 0.160800 0.026800 0.009600
NOT_TREE 0.898800 0.181600 0.009600 0.009600
NOT_TREE 0.882400 0.174400 0.005200 0.007200
NOT_TREE 0.865600 0.081200 0.011200 0.031600
NOT_TREE 0.845600 0.096800 0.014800 0.009600
NOT_TREE 0.810000 0.054800 0.034800 0.008000
NOT_TREE 0.789600 0.024000 0.018400 0.006800
NOT_TREE 0.755600 0.004400 0.029200 0.003200
