2 0.881700 0.980200 0.876500 0.994500 0.864500 0.987800 0.860200 0.989700 0.859300 0.984000 0.870700 0.971300 0.878300 0.978000 0.878100 0.979200 0.881700 0.980200 0.881500 0.980300 0.881500 0.980300
2 0.852600 0.988600 0.857100 0.986700 0.855700 0.984200 0.857000 0.981600 0.859800 0.980300 0.859900 0.978400 0.862500 0.975500 0.865500 0.973400 0.867900 0.971400 0.867500 0.968300 0.872600 0.960800 0.872200 0.955200 0.869100 0.953500 0.866500 0.953200 0.859000 0.961300 0.855800 0.967400 0.854500 0.965600 0.852100 0.966800 0.852000 0.968700 0.851800 0.972200 0.850500 0.973400 0.850600 0.979100 0.848400 0.985100 0.847500 0.986800 0.850500 0.988900 0.850500 0.988900
1 0.876700 0.968300 0.872000 0.965600 0.870000 0.968000 0.874000 0.970300 0.875600 0.969400 0.875600 0.969400 0.875300 0.972900 0.897300 0.988500 0.894800 0.988400 0.889000 0.999200 0.898600 0.999300 0.908400 0.986900 0.903000 0.982700 0.905700 0.980100 0.881500 0.964700 0.878800 0.969200 0.878800 0.969200
2 0.877600 0.967900 0.873700 0.964500 0.873900 0.962300 0.876400 0.958500 0.879200 0.958500 0.882600 0.957200 0.888800 0.958400 0.893100 0.962200 0.896700 0.966300 0.904000 0.967600 0.906600 0.970500 0.911200 0.975000 0.912600 0.977700 0.916400 0.975500 0.922000 0.978800 0.922100 0.983200 0.923600 0.984900 0.920900 0.989500 0.920000 0.991400 0.917400 0.994100 0.915100 0.996700 0.913300 0.999000 0.901400 0.999700 0.905400 0.996200 0.911400 0.986700 0.907500 0.983800 0.908000 0.981400 0.907200 0.979500 0.906200 0.978000 0.881500 0.963300 0.881500 0.963300
2 0.932700 0.986400 0.933800 0.989700 0.938400 0.993200 0.944400 0.996300 0.948300 0.999000 0.951900 0.999000 0.951000 0.997500 0.946800 0.993000 0.939500 0.989800 0.933800 0.984200 0.933800 0.984200
1 0.930600 0.980800 0.961300 0.999100 0.999400 0.999400 0.998700 0.968600 0.955800 0.943500 0.948800 0.937100 0.922900 0.975200 0.922900 0.975200
2 0.928200 0.917700 0.932100 0.920900 0.932900 0.916800 0.929300 0.914100 0.928500 0.914300 0.928500 0.914200
2 0.934900 0.917700 0.933500 0.921700 0.937200 0.922800 0.938800 0.919900 0.938800 0.919900
2 0.940900 0.921600 0.938600 0.924700 0.948400 0.930300 0.946900 0.928700 0.948800 0.927600 0.949200 0.925700 0.942400 0.922000 0.942400 0.922000
1 0.998500 0.844500 0.964300 0.823400 0.939300 0.863100 0.924100 0.901800 0.950900 0.922700 0.955100 0.938300 0.984100 0.954400 0.997500 0.962200 0.998500 0.962200 0.999000 0.860100 0.999000 0.860100
2 0.845000 0.977000 0.848800 0.980900 0.846000 0.988500 0.842900 0.993000 0.838100 0.998300 0.836400 0.999300 0.825700 0.999200 0.821100 0.994800 0.833900 0.976600 0.839700 0.974800 0.839700 0.974800
2 0.827200 0.975500 0.831400 0.975500 0.833500 0.974000 0.826900 0.969100 0.824600 0.972100 0.824600 0.972100
2 0.823000 0.979900 0.829400 0.982400 0.822600 0.994300 0.819000 0.996500 0.814700 0.994600 0.812100 0.992500 0.811400 0.989300 0.816500 0.980300 0.821400 0.979200 0.825300 0.979700 0.825300 0.979700
2 0.826300 0.964900 0.829600 0.960700 0.850200 0.970900 0.851600 0.968900 0.844200 0.963900 0.833900 0.959800 0.832300 0.957000 0.826000 0.953200 0.824000 0.955500 0.820600 0.955800 0.819000 0.960400 0.824000 0.963700 0.824000 0.963700
2 0.806000 0.994100 0.823700 0.968200 0.821800 0.963000 0.816100 0.959000 0.813900 0.956900 0.817600 0.957800 0.819900 0.954600 0.817300 0.953000 0.815600 0.951600 0.811400 0.953400 0.804600 0.963300 0.801600 0.962100 0.799900 0.962600 0.799800 0.971400 0.800300 0.973200 0.793900 0.978600 0.790000 0.984500 0.787700 0.990900 0.788500 0.994500 0.792000 0.996300 0.793700 0.998800 0.799900 0.999100 0.803100 0.999000 0.803900 0.994700 0.803900 0.994700
1 0.772100 0.974900 0.779500 0.980500 0.783100 0.974000 0.780900 0.969000 0.778300 0.966300 0.775200 0.964900 0.770000 0.971200 0.770000 0.971200
2 0.772300 0.976500 0.776200 0.978900 0.774500 0.982500 0.770900 0.980100 0.771700 0.977000 0.771700 0.977000
1 0.776800 0.980200 0.781500 0.982400 0.777900 0.985300 0.775300 0.983600 0.775300 0.983600
1 0.769800 0.980300 0.771300 0.975900 0.768900 0.972600 0.768000 0.979100 0.768000 0.979100
2 0.785400 0.963500 0.785400 0.963500 0.786900 0.964900 0.790000 0.964400 0.791500 0.962700 0.791600 0.960500 0.788800 0.958200 0.786900 0.958000 0.786900 0.958000
1 0.783100 0.963400 0.784800 0.964100 0.786200 0.965000 0.784100 0.967300 0.781600 0.964500 0.781600 0.964500
1 0.771700 0.954000 0.774700 0.955800 0.776500 0.953200 0.771400 0.950400 0.771400 0.950400
2 0.761500 0.968700 0.765900 0.969800 0.766900 0.971100 0.767500 0.974200 0.767700 0.977600 0.766200 0.978600 0.762800 0.976900 0.759200 0.973700 0.758100 0.971900 0.759900 0.969100 0.759900 0.969100
1 0.749400 0.913400 0.761600 0.920100 0.738400 0.958100 0.726600 0.951200 0.737600 0.932600 0.746400 0.916500 0.746400 0.916400
2 0.751700 0.912000 0.758000 0.914700 0.760600 0.916300 0.763700 0.919500 0.766200 0.921200 0.768200 0.921500 0.769100 0.920300 0.769600 0.918100 0.769800 0.916600 0.767700 0.916200 0.764000 0.914900 0.759000 0.911400 0.757500 0.909100 0.753400 0.907200 0.753400 0.907200
1 0.754200 0.905600 0.796400 0.932600 0.830400 0.953200 0.849100 0.965200 0.853600 0.963600 0.856500 0.956700 0.833200 0.942500 0.830200 0.943100 0.822900 0.935900 0.806500 0.925800 0.791200 0.916200 0.787200 0.915200 0.780100 0.910100 0.779400 0.908400 0.759200 0.895800 0.751700 0.904500 0.751700 0.904500
2 0.757700 0.892400 0.768000 0.896600 0.771200 0.898200 0.776300 0.903100 0.779100 0.906100 0.784200 0.907300 0.787100 0.905400 0.789600 0.901800 0.786800 0.899600 0.784700 0.897300 0.781300 0.896000 0.779600 0.893400 0.776100 0.892700 0.774200 0.890400 0.773100 0.889400 0.772400 0.887600 0.770200 0.887200 0.768500 0.888300 0.764300 0.884800 0.761600 0.882000 0.758900 0.882300 0.754700 0.882700 0.753600 0.885100 0.756200 0.889300 0.756800 0.891300 0.756800 0.891300
2 0.793300 0.896200 0.798400 0.895900 0.800000 0.895200 0.800600 0.893200 0.798500 0.891600 0.797100 0.889000 0.795700 0.888200 0.794600 0.889800 0.792900 0.892600 0.792300 0.894400 0.792200 0.894400
2 0.746100 0.897400 0.750300 0.896100 0.750800 0.894000 0.752000 0.892400 0.752200 0.889000 0.753700 0.887000 0.752800 0.883700 0.751300 0.881800 0.747500 0.880200 0.744000 0.877400 0.740200 0.874400 0.738000 0.873800 0.733800 0.879500 0.730400 0.882900 0.728200 0.884300 0.728400 0.887700 0.729300 0.891600 0.731700 0.893300 0.734700 0.893500 0.736000 0.891400 0.737700 0.890800 0.737300 0.893000 0.736200 0.895200 0.734100 0.896600 0.733000 0.900000 0.734800 0.904100 0.737700 0.905900 0.741800 0.907500 0.743600 0.905400 0.742000 0.902800 0.743500 0.901300 0.746000 0.903400 0.748700 0.901400 0.745300 0.898500 0.744700 0.896900 0.744700 0.896900
1 0.747800 0.904800 0.751000 0.906200 0.751100 0.909500 0.745500 0.911600 0.744500 0.908800 0.745000 0.906100 0.745000 0.906100
1 0.725500 0.904300 0.732500 0.896200 0.733000 0.895000 0.727900 0.891800 0.727200 0.889000 0.726800 0.886400 0.721800 0.883800 0.717300 0.888900 0.715400 0.893800 0.722000 0.898500 0.721500 0.901500 0.724200 0.904200 0.724200 0.904200
2 0.731200 0.900800 0.735400 0.904900 0.737000 0.906900 0.735700 0.908200 0.729800 0.906300 0.728800 0.904800 0.730200 0.900500 0.730200 0.900500
2 0.739400 0.909100 0.737700 0.910200 0.738500 0.915700 0.740700 0.917200 0.744100 0.916300 0.747100 0.915000 0.745200 0.911900 0.742700 0.909900 0.740600 0.908900 0.740600 0.908900
2 0.716000 0.911900 0.719400 0.915200 0.722500 0.913900 0.724200 0.914200 0.724800 0.916600 0.727700 0.917800 0.730000 0.917100 0.731400 0.914500 0.733000 0.913900 0.734300 0.918600 0.736900 0.917500 0.738900 0.916200 0.737500 0.910600 0.737500 0.910600 0.730100 0.906600 0.728200 0.905700 0.725600 0.907400 0.724300 0.906000 0.721000 0.905800 0.719500 0.905700 0.718500 0.906600 0.717500 0.907700 0.717500 0.907800
1 0.658300 0.937300 0.677500 0.949300 0.683500 0.951300 0.680800 0.952800 0.684600 0.953200 0.684900 0.953900 0.686800 0.954100 0.700300 0.934000 0.705200 0.925500 0.694500 0.918800 0.688100 0.929300 0.686100 0.931500 0.682900 0.928600 0.683900 0.926400 0.687800 0.919200 0.686800 0.915200 0.689300 0.916000 0.691300 0.914000 0.691600 0.912600 0.688700 0.910700 0.681700 0.908000 0.680600 0.905300 0.678700 0.903700 0.677300 0.904900 0.657200 0.936000 0.657200 0.936000
2 0.687900 0.921500 0.690200 0.922100 0.692300 0.920000 0.693800 0.917400 0.696300 0.914900 0.695500 0.912500 0.693700 0.911000 0.692500 0.913100 0.691400 0.915800 0.689700 0.917400 0.688700 0.917700 0.688400 0.919600 0.688400 0.919600
2 0.691600 0.908900 0.694100 0.909400 0.695500 0.907300 0.695600 0.905900 0.693700 0.905800 0.691200 0.906300 0.690900 0.907900 0.690900 0.908500 0.690900 0.909400 0.690900 0.909400
1 0.689600 0.909900 0.678600 0.902400 0.692000 0.881200 0.696000 0.882300 0.704100 0.888800 0.695500 0.903000 0.693100 0.905400 0.690500 0.905400 0.688800 0.905800 0.688800 0.905900 0.689300 0.906800 0.689300 0.906900
1 0.704400 0.887600 0.711400 0.889900 0.713300 0.891700 0.714100 0.892700 0.720300 0.882800 0.721900 0.881900 0.726400 0.884700 0.728000 0.883300 0.734500 0.876300 0.738600 0.871700 0.739500 0.871100 0.710300 0.853100 0.708600 0.856000 0.728300 0.867600 0.733700 0.870600 0.734900 0.872400 0.734400 0.874500 0.732600 0.875000 0.731400 0.875700 0.730200 0.877400 0.727000 0.876900 0.725800 0.874800 0.726700 0.872000 0.727300 0.869800 0.706900 0.859400 0.696300 0.875700 0.694300 0.879300 0.694300 0.879300
2 0.728000 0.875700 0.730300 0.875400 0.730800 0.873400 0.729000 0.872600 0.728900 0.872600 0.727900 0.875200 0.727900 0.875200
2 0.728600 0.871700 0.732200 0.873700 0.733900 0.874200 0.733600 0.872300 0.731900 0.871000 0.729400 0.869900 0.729400 0.869900
2 0.715500 0.854800 0.718800 0.856600 0.720000 0.853900 0.719300 0.850400 0.716200 0.849200 0.712400 0.847900 0.711200 0.851100 0.711400 0.852800 0.711400 0.852800
2 0.696400 0.867800 0.699300 0.866800 0.699900 0.863400 0.699100 0.862100 0.700200 0.859400 0.698100 0.856700 0.696200 0.856200 0.693300 0.855700 0.691200 0.858700 0.693200 0.862100 0.694600 0.865300 0.695400 0.868000 0.695400 0.868000
2 0.699300 0.856600 0.702500 0.856300 0.703600 0.854100 0.702200 0.851900 0.699300 0.849400 0.698400 0.851900 0.696400 0.853900 0.693300 0.854100 0.694900 0.855500 0.694900 0.855500
2 0.695200 0.841500 0.698400 0.844500 0.700200 0.845900 0.701700 0.841300 0.701200 0.839100 0.699800 0.837900 0.697100 0.836600 0.693800 0.835300 0.691700 0.834700 0.690400 0.835800 0.689300 0.838500 0.689300 0.838500
1 0.716200 0.843700 0.745600 0.861800 0.766300 0.826700 0.758100 0.819600 0.738300 0.808300 0.717400 0.840900 0.717400 0.840900
1 0.677800 0.818700 0.706400 0.835800 0.730800 0.801700 0.733900 0.797200 0.728300 0.794600 0.719800 0.791100 0.721200 0.789700 0.715000 0.785400 0.707900 0.782600 0.699500 0.778000 0.696600 0.777000 0.684400 0.795500 0.682000 0.798400 0.687200 0.802700 0.686000 0.805100 0.680300 0.811900 0.678300 0.815100 0.678300 0.815100
2 0.674100 0.816700 0.676300 0.816700 0.677400 0.814600 0.676200 0.812100 0.675400 0.812300 0.673600 0.813300 0.672800 0.814500 0.672800 0.816400 0.675100 0.816600 0.674800 0.816300 0.674800 0.816300
2 0.677200 0.813200 0.678300 0.813000 0.679700 0.811500 0.680800 0.809900 0.681300 0.808600 0.679000 0.807800 0.678400 0.807100 0.676700 0.808400 0.677000 0.810600 0.676700 0.812000 0.676700 0.812000
2 0.680100 0.807200 0.683500 0.806100 0.683600 0.805000 0.683400 0.801800 0.681100 0.801900 0.679600 0.802700 0.679400 0.804800 0.679400 0.804900
2 0.679400 0.804900 0.680300 0.804900 0.680300 0.804900
1 0.754400 0.728700 0.758700 0.728600 0.762600 0.729500 0.762700 0.732600 0.763500 0.736900 0.765000 0.739300 0.756400 0.743700 0.747300 0.738100 0.749300 0.736000 0.748700 0.731700 0.749800 0.729200 0.753700 0.728100 0.753700 0.728100 0.753700 0.728100
2 0.764800 0.737200 0.766000 0.738200 0.769900 0.738200 0.773600 0.737900 0.775000 0.737500 0.778100 0.733400 0.779700 0.732000 0.781300 0.728600 0.782100 0.725300 0.780200 0.722000 0.780400 0.719700 0.781200 0.717300 0.781700 0.714600 0.781500 0.713000 0.778500 0.709100 0.776500 0.706700 0.774800 0.704300 0.770100 0.703300 0.767900 0.704300 0.765900 0.706500 0.765100 0.709500 0.764500 0.713000 0.764100 0.713500
2 0.746300 0.728700 0.752800 0.726400 0.761300 0.726300 0.763200 0.725800 0.763500 0.712700 0.759600 0.706900 0.757600 0.705500 0.753200 0.701100 0.749000 0.700300 0.744200 0.700400 0.735200 0.713500 0.734700 0.719100 0.741900 0.722600 0.743000 0.725900 0.744600 0.727000 0.744600 0.727000
1 0.727300 0.722200 0.729800 0.721000 0.733300 0.720000 0.733500 0.718800 0.726300 0.718700 0.726100 0.721400 0.726100 0.721400
1 0.729900 0.723700 0.733100 0.728400 0.734900 0.731100 0.735200 0.734700 0.735300 0.737300 0.730100 0.733000 0.728300 0.733600 0.727900 0.735300 0.724900 0.737100 0.725200 0.738800 0.723200 0.737500 0.723400 0.736500 0.725800 0.734900 0.726600 0.731900 0.727600 0.730300 0.727400 0.724500 0.727400 0.724500
2 0.732100 0.725100 0.736000 0.723700 0.736300 0.721700 0.734400 0.721100 0.733000 0.722100 0.731400 0.722500 0.730700 0.723000 0.731600 0.725900 0.731700 0.725800
2 0.735600 0.727700 0.737900 0.727700 0.738700 0.724800 0.736000 0.724700 0.734300 0.727000 0.734300 0.727000
2 0.736500 0.737700 0.742800 0.740300 0.745300 0.739700 0.746800 0.736500 0.747800 0.734800 0.748400 0.731900 0.746800 0.729900 0.744200 0.728100 0.743000 0.727000 0.740900 0.727000 0.738100 0.729000 0.735600 0.730200 0.735600 0.734400 0.735600 0.734400
1 0.710800 0.688700 0.713400 0.690700 0.717300 0.693500 0.718900 0.694900 0.720400 0.692900 0.721000 0.691400 0.717700 0.689100 0.717500 0.687000 0.717900 0.684200 0.716700 0.680600 0.714400 0.679700 0.713500 0.681700 0.712200 0.683700 0.709600 0.683600 0.708500 0.683900 0.708500 0.683900
1 0.712500 0.742700 0.717500 0.743800 0.719200 0.746400 0.719400 0.749300 0.721600 0.750100 0.724300 0.751600 0.727900 0.754000 0.734200 0.755900 0.736600 0.755200 0.737300 0.757600 0.737100 0.759500 0.734500 0.761300 0.729900 0.765700 0.730700 0.769200 0.732200 0.774700 0.729800 0.778800 0.728400 0.779100 0.725000 0.776800 0.719900 0.776200 0.719600 0.778100 0.716300 0.776500 0.716300 0.773600 0.715500 0.770600 0.713600 0.767400 0.711100 0.764900 0.708500 0.763800 0.707300 0.763800 0.709700 0.761200 0.712300 0.758100 0.713800 0.753800 0.713200 0.751000 0.714700 0.749300 0.713800 0.747400 0.711100 0.746600 0.710300 0.745200 0.710300 0.745200
2 0.680600 0.741200 0.678000 0.737500 0.674200 0.739400 0.672500 0.742800 0.671000 0.746500 0.672700 0.750900 0.677400 0.752100 0.681500 0.749800 0.684200 0.745600 0.681500 0.741300 0.681500 0.741300
2 0.686000 0.772200 0.690100 0.770800 0.694600 0.770000 0.694900 0.767100 0.696500 0.763800 0.693800 0.763000 0.688900 0.761600 0.686300 0.763100 0.684600 0.766200 0.683300 0.768800 0.683400 0.771200 0.683400 0.771200
2 0.676800 0.768200 0.679500 0.767300 0.678300 0.765400 0.676400 0.763600 0.674600 0.764800 0.673900 0.767000 0.676800 0.768300 0.676800 0.768300
2 0.671500 0.764500 0.673200 0.765200 0.674500 0.763800 0.673100 0.762400 0.671700 0.761700 0.670300 0.762500 0.670300 0.762500
2 0.667400 0.761500 0.670100 0.762500 0.669700 0.760800 0.668600 0.758800 0.668000 0.758500 0.667100 0.759600 0.666500 0.761500 0.666500 0.761500
2 0.661700 0.758300 0.663700 0.758500 0.663700 0.757300 0.663300 0.756400 0.661500 0.754900 0.660400 0.756500 0.660400 0.756500
2 0.663500 0.764300 0.661200 0.763600 0.659700 0.766900 0.658700 0.767800 0.657800 0.770900 0.656500 0.772900 0.657200 0.776300 0.662500 0.773500 0.663100 0.772000 0.664300 0.776200 0.664200 0.779000 0.665900 0.778500 0.667100 0.775700 0.669400 0.773700 0.672700 0.769700 0.673000 0.767800 0.669600 0.765700 0.666200 0.765200 0.664900 0.767700 0.664900 0.767700
1 0.652100 0.753700 0.661900 0.760700 0.651900 0.774900 0.666400 0.783300 0.675200 0.769000 0.685700 0.774500 0.662900 0.809400 0.630200 0.788600 0.621500 0.782500 0.645500 0.750700 0.645500 0.750700
1 0.614400 0.761100 0.629400 0.769600 0.645400 0.748300 0.644900 0.745800 0.629100 0.737800 0.614500 0.760000 0.614500 0.759900
1 0.647200 0.748500 0.653300 0.751100 0.659700 0.752800 0.663600 0.753600 0.666400 0.751900 0.667300 0.747500 0.663900 0.743900 0.658400 0.741000 0.656600 0.737400 0.657700 0.732000 0.653800 0.729400 0.660000 0.723400 0.642400 0.714000 0.636900 0.716200 0.632500 0.725000 0.633200 0.736700 0.641500 0.741600 0.641500 0.741600
1 0.644600 0.713400 0.659900 0.723000 0.671000 0.703400 0.646200 0.689100 0.637300 0.700700 0.635500 0.709800 0.635500 0.709800
1 0.622500 0.719300 0.630800 0.723500 0.640100 0.714100 0.635900 0.710400 0.633200 0.704100 0.629800 0.702700 0.623400 0.709700 0.620300 0.715000 0.620200 0.715000
2 0.624700 0.700800 0.626500 0.701800 0.629500 0.702300 0.630100 0.699900 0.628700 0.695800 0.625400 0.694700 0.621200 0.695300 0.620900 0.696200 0.620400 0.697700 0.620400 0.697700
2 0.609400 0.700100 0.611600 0.699600 0.613600 0.696700 0.613000 0.694000 0.610200 0.692300 0.606800 0.692400 0.606700 0.696400 0.605300 0.697700 0.607800 0.699100 0.607800 0.699100
2 0.600600 0.696200 0.604300 0.695300 0.605000 0.692400 0.604800 0.689900 0.599900 0.689600 0.600100 0.694000 0.599600 0.696400 0.599600 0.696400
1 0.522000 0.717200 0.525000 0.724600 0.529200 0.725100 0.529300 0.728800 0.528400 0.730800 0.529300 0.736000 0.531300 0.739300 0.541500 0.742500 0.549300 0.722200 0.561800 0.699000 0.561100 0.697800 0.520200 0.715800 0.520200 0.715800
1 0.560900 0.702800 0.557900 0.708000 0.563300 0.710300 0.569000 0.713500 0.571300 0.710500 0.574600 0.706600 0.578600 0.703200 0.584600 0.699400 0.585000 0.694200 0.583000 0.687500 0.575600 0.682900 0.571700 0.681800 0.567200 0.686300 0.559100 0.681400 0.552100 0.684900 0.555400 0.693600 0.559500 0.695900 0.559500 0.695800
2 0.586100 0.701600 0.588200 0.705200 0.589900 0.705500 0.593600 0.702600 0.592000 0.700700 0.590700 0.699100 0.587700 0.698600 0.586000 0.697100 0.585500 0.699700 0.585500 0.699700
2 0.596400 0.706600 0.597600 0.708100 0.598500 0.708100 0.599700 0.706200 0.598100 0.706400 0.596500 0.705800 0.596400 0.705800
2 0.605900 0.713900 0.605700 0.715700 0.607700 0.716700 0.608800 0.717700 0.610800 0.716100 0.611700 0.714200 0.610600 0.712700 0.607400 0.711400 0.604600 0.710700 0.605600 0.711700 0.605600 0.711700
2 0.597500 0.718200 0.599900 0.718700 0.601200 0.717800 0.601400 0.715900 0.601400 0.715000 0.600800 0.713700 0.598500 0.712300 0.597000 0.711800 0.595600 0.712600 0.594800 0.713800 0.594100 0.715200 0.594100 0.715200
2 0.604700 0.721900 0.608600 0.723900 0.609600 0.722200 0.610000 0.719700 0.609100 0.718700 0.606600 0.717400 0.604100 0.717200 0.604100 0.717200
2 0.613000 0.726100 0.615600 0.728500 0.617800 0.729700 0.618300 0.727100 0.618900 0.724800 0.617100 0.722700 0.612700 0.722800 0.612800 0.725000 0.612800 0.725000
2 0.621900 0.731200 0.623800 0.733400 0.624700 0.735100 0.626500 0.736200 0.628800 0.736900 0.629900 0.737200 0.632300 0.734100 0.632500 0.733300 0.630300 0.730900 0.629900 0.729600 0.632000 0.728200 0.630700 0.725800 0.627300 0.723400 0.623900 0.722400 0.623100 0.725200 0.623000 0.728200 0.621400 0.729700 0.621400 0.729700
2 0.619100 0.723100 0.620500 0.725600 0.622700 0.723700 0.623100 0.721400 0.622600 0.720300 0.619700 0.719300 0.617000 0.717700 0.615600 0.717900 0.617200 0.721200 0.618600 0.723900 0.618700 0.723900
2 0.616000 0.744100 0.616000 0.744100 0.610700 0.751000 0.610400 0.753700 0.610400 0.758200 0.611500 0.759400 0.614200 0.759000 0.616400 0.755500 0.618000 0.752600 0.617800 0.750700 0.619500 0.750300 0.621400 0.747800 0.621800 0.746600 0.622200 0.745000 0.617900 0.743700 0.617200 0.743800 0.617200 0.743800
2 0.617400 0.764400 0.616300 0.763300 0.614200 0.763800 0.614600 0.765500 0.616200 0.766500 0.617700 0.767200 0.618500 0.765800 0.618600 0.765200 0.618600 0.765000
2 0.606600 0.777700 0.606900 0.781400 0.613000 0.786500 0.618100 0.785600 0.618400 0.783100 0.616500 0.780600 0.613200 0.779700 0.610100 0.777900 0.605300 0.774400 0.600800 0.771700 0.599100 0.773600 0.599000 0.777300 0.603300 0.779900 0.604900 0.779200 0.604900 0.779200
1 0.001100 0.049600 0.053500 0.051300 0.075600 0.052900 0.073100 0.040500 0.081600 0.037900 0.088200 0.037100 0.094300 0.000500 0.000600 0.000500 0.000700 0.046100 0.000700 0.046100
2 0.081500 0.039000 0.078400 0.039800 0.074400 0.040900 0.074800 0.044500 0.077000 0.045700 0.080500 0.044700 0.082000 0.041500 0.082000 0.041500
2 0.079100 0.046000 0.077700 0.046000 0.077400 0.047500 0.077200 0.049100 0.076900 0.049800 0.077000 0.051300 0.078300 0.052200 0.079300 0.049300 0.081100 0.046600 0.081100 0.046600
2 0.096900 0.014200 0.099000 0.016600 0.100100 0.015900 0.100400 0.013200 0.099100 0.011600 0.096900 0.011900 0.096900 0.011900
2 0.097400 0.018600 0.096000 0.018000 0.094900 0.018900 0.094900 0.019500 0.095700 0.021800 0.098000 0.022900 0.098800 0.021800 0.099100 0.020200 0.098500 0.019200 0.098500 0.019200
2 0.096100 0.027400 0.094800 0.026400 0.093700 0.027100 0.093500 0.028300 0.093800 0.030200 0.095000 0.031000 0.096400 0.031000 0.096500 0.028400 0.096500 0.028400
1 0.094300 0.011500 0.103100 0.010600 0.101200 0.014500 0.100100 0.026200 0.120300 0.026700 0.119800 0.019400 0.122000 0.015100 0.123900 0.009200 0.124500 0.002300 0.124400 0.001700 0.095100 0.001400 0.095100 0.001400
2 0.127000 0.004000 0.125800 0.004900 0.125400 0.006600 0.126000 0.008200 0.127500 0.007900 0.128000 0.007000 0.128500 0.005500 0.128500 0.005500
2 0.125700 0.009300 0.124700 0.010800 0.124700 0.013200 0.125400 0.013100 0.126800 0.012300 0.127800 0.010700 0.127800 0.010700
2 0.124700 0.013600 0.123000 0.015600 0.122600 0.017600 0.123100 0.017900
1 0.129100 0.012000 0.124800 0.031800 0.148000 0.045600 0.158700 0.023500 0.129500 0.007500 0.129400 0.007500
1 0.130600 0.007300 0.162900 0.025000 0.167900 0.000500 0.132200 0.000700 0.132200 0.000700
2 0.126100 0.002700 0.127700 0.003800 0.128800 0.004000 0.129700 0.003100 0.129900 0.001000 0.130000 0.000400 0.126900 0.000200 0.125300 0.000200 0.124800 0.000600 0.124800 0.000600
1 0.097600 0.026900 0.120000 0.027300 0.124300 0.029000 0.124600 0.033400 0.123700 0.044500 0.117700 0.042000 0.115500 0.045500 0.116400 0.049200 0.119800 0.051100 0.117300 0.074200 0.069000 0.076700 0.081500 0.047700 0.082200 0.043500 0.083200 0.038900 0.087000 0.038300 0.090600 0.036600 0.090800 0.031200 0.096200 0.031900 0.098000 0.030600 0.098000 0.030600
2 0.117500 0.048500 0.120100 0.049100 0.121800 0.046300 0.120700 0.044000 0.117800 0.043300 0.117800 0.043300
1 0.001900 0.051300 0.076100 0.053700 0.071300 0.069500 0.064100 0.069900 0.060900 0.075800 0.063900 0.078800 0.068400 0.079000 0.062100 0.095500 0.061100 0.101200 0.057300 0.105700 0.050300 0.108900 0.047300 0.112900 0.034300 0.113600 0.002300 0.113300 0.001200 0.054600 0.001200 0.054600
2 0.068400 0.070500 0.064300 0.071200 0.063100 0.073600 0.063500 0.076100 0.065900 0.076700 0.068600 0.072800 0.068600 0.072800
2 0.068800 0.090400 0.068000 0.092800 0.069100 0.094500 0.071300 0.092000 0.069200 0.090000 0.069200 0.090000
2 0.066100 0.095600 0.067800 0.096300 0.068700 0.098300 0.067300 0.101000 0.065800 0.099900 0.065300 0.099000 0.064100 0.096500 0.064100 0.096500
2 0.064300 0.101200 0.065900 0.102700 0.066100 0.104900 0.064100 0.106000 0.062600 0.105300 0.061400 0.102900 0.062300 0.101600 0.062300 0.101600
2 0.056300 0.109100 0.057100 0.111400 0.056000 0.111900 0.054600 0.111000 0.053800 0.109700 0.054200 0.108800 0.054200 0.108800
2 0.058900 0.109500 0.058400 0.110900 0.058400 0.112500 0.059900 0.114700 0.060900 0.115000 0.062800 0.111500 0.062400 0.110100 0.059900 0.109500 0.059900 0.109500
2 0.057100 0.115900 0.056600 0.117200 0.056800 0.119000 0.058800 0.119600 0.059900 0.117700 0.059300 0.116600 0.058600 0.116300 0.057600 0.115600 0.057600 0.115600
2 0.056000 0.121100 0.057200 0.121300 0.058100 0.122200 0.058000 0.124200 0.057000 0.124800 0.056600 0.124800
1 0.070300 0.078100 0.065800 0.089500 0.071100 0.088600 0.072600 0.091100 0.070700 0.094600 0.069100 0.098600 0.056700 0.127700 0.080600 0.130600 0.084900 0.136600 0.120300 0.136900 0.153300 0.134600 0.152300 0.113300 0.151600 0.110600 0.154300 0.110900 0.155000 0.110600 0.157000 0.097400 0.153300 0.095900 0.152600 0.090900 0.155800 0.055000 0.162500 0.025800 0.160000 0.024000 0.148600 0.047600 0.126000 0.033700 0.124100 0.046300 0.121100 0.055400 0.118500 0.074300 0.097900 0.076500 0.097800 0.076500
1 0.000900 0.208700 0.036900 0.210600 0.037100 0.165900 0.040300 0.141200 0.043400 0.141700 0.047200 0.141800 0.050500 0.140100 0.055800 0.113200 0.050000 0.111500 0.046000 0.114500 0.002500 0.114000 0.000600 0.199100 0.000600 0.199100
2 0.008000 0.215200 0.012700 0.216900 0.015500 0.215700 0.018200 0.215100 0.020200 0.214400 0.022500 0.214800 0.022900 0.213400 0.022900 0.211600 0.020700 0.210700 0.017700 0.211200 0.014800 0.211200 0.011800 0.210500 0.010500 0.210100 0.008400 0.210500 0.006900 0.212700 0.006900 0.212700
2 0.024500 0.214300 0.026300 0.215300 0.028400 0.215800 0.030200 0.216100 0.031800 0.214800 0.032400 0.212700 0.031100 0.212000 0.029800 0.211300 0.028000 0.210600 0.025800 0.210800 0.024700 0.211000 0.024700 0.211000
1 0.007400 0.210600 0.006100 0.214500 0.007000 0.215800 0.010400 0.217300 0.032300 0.216500 0.035300 0.211700 0.037800 0.211100 0.037800 0.214900 0.039900 0.216400 0.038900 0.218400 0.037100 0.224100 0.042800 0.225600 0.039700 0.231700 0.033300 0.232200 0.000800 0.231200 0.001400 0.209600 0.001400 0.209600
1 0.001400 0.232100 0.037800 0.233300 0.034800 0.270400 0.030000 0.272800 0.028000 0.321000 0.026200 0.353800 0.030300 0.359500 0.034900 0.361700 0.037200 0.363300 0.038900 0.368800 0.038000 0.375400 0.034700 0.380300 0.031300 0.383000 0.032200 0.389800 0.029700 0.395300 0.022900 0.396100 0.016400 0.511200 0.000900 0.511600 0.000600 0.233200 0.000600 0.233200
2 0.006800 0.513600 0.005500 0.517100 0.005100 0.522100 0.005900 0.524800 0.011400 0.525500 0.014500 0.525500 0.016200 0.520700 0.015800 0.514700 0.014000 0.512800 0.014000 0.512800
2 0.000600 0.525100 0.000400 0.529400 0.001200 0.529800 0.002400 0.527400 0.001700 0.525600 0.001700 0.525600
1 0.001000 0.524400 0.004500 0.524200 0.005400 0.513100 0.000800 0.512700 0.000800 0.512700
1 0.016800 0.513700 0.015900 0.525700 0.005100 0.527400 0.004200 0.525500 0.003300 0.527400 0.000600 0.531800 0.021100 0.532600 0.023400 0.531300 0.027300 0.532000 0.027600 0.529400 0.028300 0.528900 0.030200 0.528200 0.030200 0.524100 0.029700 0.521300 0.030500 0.518100 0.028100 0.513800 0.030100 0.509500 0.029000 0.506800 0.028700 0.505700 0.025100 0.505600 0.024100 0.514300 0.022000 0.513500 0.020400 0.513500 0.020400 0.513500
1 0.017800 0.512400 0.022600 0.512200 0.021900 0.500600 0.022800 0.499300 0.023800 0.495400 0.019100 0.488100 0.017600 0.498200 0.017600 0.498200
1 0.022300 0.423100 0.028100 0.423900 0.026300 0.427700 0.025300 0.437800 0.026300 0.441600 0.028100 0.442800 0.028400 0.444400 0.026000 0.446000 0.021100 0.447300 0.021600 0.430600 0.021600 0.430600
1 0.029100 0.396500 0.029000 0.404200 0.028800 0.405500 0.032000 0.406300 0.033400 0.406800 0.034000 0.403900 0.035800 0.403600 0.036200 0.401800 0.034100 0.401300 0.033100 0.397500 0.034200 0.395900 0.036100 0.395200 0.038000 0.393600 0.038700 0.391200 0.035600 0.392100 0.033000 0.391400 0.032300 0.391700 0.032300 0.391700
1 0.029700 0.323600 0.035800 0.324200 0.037700 0.323600 0.039300 0.320700 0.041700 0.319400 0.043200 0.312800 0.041100 0.309600 0.039800 0.307200 0.039000 0.304000 0.037600 0.303200 0.033400 0.303600 0.032000 0.302100 0.029700 0.299600 0.029300 0.303900 0.029300 0.304000
1 0.036300 0.325800 0.036800 0.328700 0.037900 0.331000 0.037400 0.332000 0.037000 0.333800 0.035700 0.338600 0.035700 0.341500 0.035800 0.343600 0.036200 0.345200 0.038000 0.344400 0.041200 0.344400 0.042800 0.342800 0.043700 0.342000 0.044400 0.340200 0.042700 0.339500 0.041000 0.336500 0.040900 0.332600 0.041300 0.331300 0.040900 0.328400 0.039800 0.326800 0.038700 0.325000 0.038700 0.325000
1 0.035900 0.266800 0.043000 0.271800 0.042200 0.273600 0.040600 0.273600 0.037500 0.271100 0.035900 0.269600 0.035900 0.269600
1 0.036900 0.258400 0.038400 0.258200 0.040200 0.253500 0.043100 0.253500 0.043200 0.252700 0.040100 0.251800 0.038300 0.249100 0.037400 0.248000 0.037200 0.249700 0.037200 0.249700
1 0.037500 0.243400 0.043600 0.243200 0.043400 0.233400 0.038800 0.233200 0.038700 0.233200
2 0.041600 0.219900 0.040700 0.221100 0.038000 0.222700 0.039200 0.223300 0.040000 0.224000 0.041300 0.223100 0.043500 0.223000 0.043600 0.220300 0.042700 0.219300 0.042700 0.219300
2 0.178200 0.549200 0.181700 0.549100 0.185500 0.547500 0.185600 0.546400 0.187600 0.541600 0.187100 0.540100 0.183100 0.538500 0.178300 0.539600 0.176100 0.543200 0.177200 0.547800 0.177200 0.547800
1 0.194400 0.021000 0.233000 0.034800 0.290100 0.068500 0.282200 0.070700 0.259900 0.110200 0.175500 0.065800 0.190400 0.029500 0.190400 0.029500
1 0.180400 0.000900 0.180100 0.014000 0.216900 0.028100 0.286000 0.063900 0.306700 0.018800 0.273800 0.001200 0.202600 0.001400 0.202600 0.001400
1 0.173300 0.066400 0.256600 0.110400 0.244100 0.134300 0.162900 0.132400 0.162900 0.132400
1 0.293100 0.069300 0.324100 0.086800 0.314800 0.089800 0.310000 0.128300 0.293900 0.127400 0.263900 0.109100 0.280900 0.084500 0.281300 0.083500 0.281300 0.083500
1 0.326900 0.089700 0.383600 0.120300 0.366900 0.125000 0.313700 0.125200 0.320400 0.090600 0.320400 0.090600
1 0.316400 0.033000 0.309300 0.031200 0.292800 0.064000 0.326700 0.082700 0.329900 0.038000 0.329900 0.038000
1 0.284200 0.001200 0.336000 0.025400 0.358300 0.027400 0.371600 0.001500 0.295900 0.000800 0.295900 0.000800
1 0.460100 0.032600 0.496300 0.051800 0.474400 0.090400 0.438200 0.072500 0.438200 0.072500
